[198.06]
[205.52]
[199.7]
[200.69]
[201.93]
[200.18]
[196.75]
[192.5]
[188.4]
[197.72]
[203.04]
[199.35]
[192.68]
[198.51]
[198.18]
[198.43]
[206.49]
[196.11]
[198.45]
[202.21]
[202.72]
[200.0]
[199.02]
[198.01]
[196.01]
[197.68]
[192.03]
[198.73]
[193.53]
[192.45]
[196.68]
[198.92]
[191.78]
[202.17]
[197.63]
[198.49]
[198.17]
[208.25]
[189.7]
[199.35]
[188.04]
[197.57]
[193.32]
[194.36]
[196.09]
[187.22]
[194.35]
[195.92]
[193.96]
[200.36]
[197.73]
[197.88]
[192.07]
[193.7]
[195.34]
[197.38]
[200.87]
[203.46]
[201.61]
[189.23]
[197.67]
[212.0]
[193.91]
[201.34]
[200.01]
[198.3]
[201.47]
[197.72]
[204.75]
[197.15]
[193.77]
[193.31]
[198.42]
[198.93]
[208.38]
[197.28]
[187.98]
[196.77]
[195.71]
[204.24]
[189.85]
[202.8]
[200.32]
[190.5]
[200.22]
[182.0]
[197.82]
[189.95]
[202.89]
[200.94]
[198.82]
[208.88]
[199.19]
[199.12]
[186.36]
[193.21]
[197.34]
[197.11]
[191.52]
[206.45]
[200.94]
[199.91]
[197.35]
[207.02]
[206.88]
[193.96]
[198.12]
[196.5]
[203.99]
[202.46]
[196.1]
[198.01]
[197.04]
[199.31]
[196.01]
[200.69]
[192.7]
[200.22]
[192.8]
[201.49]
[195.77]
[184.44]
[191.95]
[197.69]
[215.19]
[195.73]
[179.74]
[196.48]
[254.13]
[195.94]
[202.2]
[178.88]
[192.36]
[204.64]
[198.74]
[202.76]
[189.21]
[201.11]
[209.68]
[202.22]
[200.7]
[254.13]
[189.3]
[197.89]
[190.33]
[203.28]
[193.8]
[207.57]
[189.79]
[198.47]
[197.46]
[191.45]
[199.75]
[202.15]
[198.34]
[209.56]
[203.78]
[203.57]
[197.76]
[195.44]
[198.49]
[199.94]
[200.23]
[201.06]
[200.48]
[193.54]
[206.3]
[199.69]
[193.33]
[282.51]
[191.01]
[193.41]
[204.74]
[199.21]
[202.27]
[204.84]
[201.86]
[201.04]
[204.27]
[204.21]
[196.15]
[203.27]
[196.43]
[199.05]
[194.96]
[183.79]
[198.52]
[203.69]
[202.66]
[154.3]
[196.16]
[195.88]
[198.17]
[198.33]
[191.41]
[198.09]
[198.44]
[193.14]
[202.92]
[201.51]
[198.23]
[199.73]
[197.11]
[197.88]
[201.47]
[200.84]
[192.74]
[194.43]
[196.18]
[207.13]
[200.41]
[204.01]
[203.11]
[195.81]
[190.21]
[196.03]
[198.45]
[198.99]
[260.4]
[198.08]
[185.93]
[196.65]
[198.29]
[196.66]
[204.11]
[196.83]
[194.61]
[197.23]
[206.8]
[189.92]
[183.3]
[194.43]
[195.13]
[199.24]
[198.08]
[209.54]
[201.02]
[203.99]
[193.76]
[193.37]
[191.72]
[192.72]
[201.25]
[201.55]
[199.96]
[187.6]
[197.67]
[196.48]
[197.5]
[198.28]
[193.87]
[185.61]
[200.6]
[201.26]
[185.31]
[197.18]
[199.5]
[200.47]
[198.54]
[179.29]
[190.72]
[194.43]
[199.88]
[196.51]
[200.71]
[195.15]
[189.05]
[208.32]
[198.2]
[191.57]
[197.16]
[192.66]
[200.1]
[202.35]
[203.36]
[193.38]
[183.29]
[206.34]
[195.13]
[191.57]
[189.03]
[203.41]
[196.44]
[202.77]
[199.1]
[189.55]
[182.96]
[287.88]
[200.35]
[196.1]
[208.29]
[198.65]
[206.52]
[196.81]
[202.79]
[208.87]
[190.41]
[199.87]
[201.69]
[200.6]
[188.3]
[196.04]
[197.77]
[193.05]
[196.99]
[196.72]
[197.58]
[203.02]
[198.03]
[199.7]
[199.32]
[195.71]
[196.62]
[200.48]
[199.22]
[192.36]
[192.97]
[192.85]
[197.89]
[198.58]
[191.75]
[192.14]
[200.35]
[194.82]
[189.41]
[198.38]
[197.09]
[192.62]
[196.27]
[196.71]
[199.63]
[196.26]
[193.71]
[196.32]
[203.28]
[202.84]
[196.76]
[197.51]
[198.16]
[197.8]
[199.0]
[198.38]
[198.74]
[196.92]
[182.79]
[199.72]
[191.22]
[195.05]
[209.4]
[200.65]
[203.61]
[194.7]
[197.93]
[203.43]
[192.31]
[202.82]
[203.49]
[196.88]
[200.5]
[195.67]
[197.06]
[198.06]
[199.77]
[207.84]
[206.92]
[194.75]
[195.6]
[200.39]
[197.88]
[189.61]
[202.88]
[199.09]
[197.16]
[214.15]
[196.97]
[200.29]
[196.65]
[200.16]
[200.71]
[207.83]
[200.32]
[198.63]
[196.51]
[204.53]
[203.95]
[196.48]
[186.31]
[192.7]
[205.28]
[190.55]
[191.01]
[240.14]
[191.97]
[196.57]
[203.68]
[197.88]
[199.76]
[197.32]
[195.91]
[194.91]
[194.18]
[193.48]
[196.4]
[198.36]
[202.19]
[198.29]
[201.74]
[199.4]
[208.69]
[202.22]
[201.68]
[210.98]
[198.6]
[195.7]
[200.9]
[193.37]
[195.65]
[188.65]
[199.59]
[191.61]
[205.95]
[191.81]
[201.82]
[202.95]
[191.6]
[197.03]
[191.63]
[195.75]
[205.49]
[195.65]
[203.68]
[195.58]
[197.79]
[197.54]
[192.07]
[204.45]
[200.93]
[196.87]
[199.71]
[192.91]
[197.39]
[199.68]
[194.81]
[208.16]
[200.85]
[196.11]
[204.84]
[204.19]
[200.15]
[194.6]
[253.04]
[187.92]
[201.76]
[281.76]
[199.71]
[195.9]
[198.09]
[207.41]
[206.21]
[304.08]
[194.46]
[189.4]
[197.39]
[207.71]
[207.81]
[196.12]
[200.05]
[204.33]
[198.87]
[208.55]
[194.54]
[198.83]
[190.97]
[195.2]
[189.14]
[207.17]
[202.12]
[207.55]
[199.37]
[207.65]
[216.45]
[197.18]
[190.23]
[198.05]
[200.51]
[194.99]
[200.87]
[205.15]
[195.26]
[196.26]
[304.08]
[198.37]
[197.02]
[198.11]
[199.83]
[191.55]
[210.63]
[204.24]
[203.64]
[203.13]
[186.49]
[198.47]
[189.78]
[183.55]
[201.4]
[186.63]
[200.66]
[193.25]
[193.35]
[199.16]
[184.01]
[200.41]
[201.14]
[182.67]
[192.54]
[196.72]
[195.58]
[190.04]
[201.45]
[202.82]
[194.97]
[190.19]
[198.46]
[198.46]
[207.15]
[199.22]
[193.1]
[193.37]
[200.5]
[154.3]
[191.47]
[216.17]
[196.3]
[203.66]
[199.4]
[198.36]
[201.03]
[200.31]
[195.43]
[197.79]
[196.65]
[189.92]
[195.33]
[195.62]
[200.09]
[182.95]
[194.25]
[194.56]
[210.56]
[208.17]
[199.43]
[201.93]
[196.37]
[213.01]
[198.8]
[196.59]
[199.01]
[200.17]
[202.0]
[203.74]
[203.4]
[195.37]
[187.76]
[187.24]
[195.06]
[194.39]
[203.58]
[200.64]
[204.67]
[199.41]
[195.03]
[197.96]
[188.19]
[196.93]
[194.75]
[198.58]
[200.0]
[196.95]
[202.47]
[196.07]
[195.67]
[184.83]
[194.76]
[203.65]
[202.18]
[191.8]
[197.18]
[199.97]
[200.18]
[197.33]
[190.93]
[191.0]
[195.43]
[262.67]
[196.42]
[197.81]
[188.98]
[198.24]
[180.41]
[200.98]
[200.47]
[203.17]
[194.09]
[192.26]
[196.26]
[197.97]
[191.68]
[198.62]
[204.01]
[281.76]
[192.46]
[203.03]
[197.43]
[197.73]
[184.54]
[206.93]
[197.34]
[196.84]
[197.96]
[184.95]
[185.6]
[198.85]
[199.83]
[195.99]
[194.51]
[196.98]
[205.92]
[207.24]
[195.47]
[202.06]
[183.77]
[197.96]
[202.83]
[200.57]
[201.19]
[191.81]
[203.11]
[198.95]
[201.81]
[198.74]
[202.93]
[192.23]
[203.83]
[187.86]
[192.3]
[195.49]
[198.99]
[197.59]
[202.54]
[200.87]
[199.06]
[196.45]
[197.07]
[199.25]
[197.89]
[204.87]
[193.6]
[198.6]
[191.73]
[197.01]
[196.85]
[201.23]
[210.67]
[202.1]
[198.63]
[191.14]
[192.42]
[203.7]
[198.13]
[199.48]
[195.88]
[201.67]
[200.1]
[207.87]
[191.68]
[202.12]
[203.84]
[196.12]
[200.45]
[200.41]
[196.97]
[193.38]
[191.0]
[195.82]
[197.07]
[200.04]
[196.68]
[183.92]
[185.51]
[198.31]
[197.5]
[186.38]
[195.74]
[192.3]
[254.13]
[204.02]
[198.45]
[202.61]
[192.46]
[204.44]
[189.25]
[197.69]
[202.31]
[195.14]
[196.3]
[187.6]
[203.35]
[194.16]
[204.0]
[187.89]
[205.48]
[208.87]
[193.05]
[194.54]
[204.58]
[202.86]
[195.7]
[183.36]
[198.26]
[194.42]
[196.49]
[192.59]
[199.98]
[204.33]
[194.9]
[205.04]
[197.85]
[203.29]
[192.49]
[203.71]
[198.49]
[203.03]
[205.82]
[196.78]
[194.0]
[199.14]
[204.24]
[203.14]
[199.95]
[199.67]
[193.63]
[188.77]
[194.91]
[201.8]
[195.22]
[197.8]
[187.51]
[186.28]
[192.88]
[194.84]
[201.61]
[195.9]
[196.26]
[203.89]
[190.39]
[194.04]
[193.89]
[208.97]
[199.25]
[195.25]
[199.01]
[195.54]
[196.92]
[198.83]
[188.68]
[196.31]
[186.08]
[198.43]
[212.01]
[208.47]
[200.64]
[203.08]
[199.57]
[199.45]
[207.61]
[197.87]
[187.85]
[205.51]
[204.77]
[200.68]
[199.67]
[205.49]
[198.78]
[195.57]
[192.47]
[204.66]
[207.24]
[188.46]
[190.39]
[198.81]
[270.57]
[196.26]
[195.99]
[200.57]
[182.19]
[197.09]
[192.44]
[198.5]
[199.9]
[203.03]
[199.45]
[194.64]
[204.15]
[197.96]
[206.32]
[188.63]
[200.18]
[187.63]
[196.7]
[184.37]
[193.19]
[200.7]
[195.97]
[199.44]
[196.91]
[192.39]
[200.45]
[193.05]
[196.4]
[194.55]
[197.48]
[206.74]
[195.71]
[207.99]
[197.26]
[204.85]
[193.58]
[194.99]
[205.06]
[195.75]
[200.75]
[199.1]
[186.11]
[205.81]
[194.42]
[196.29]
[199.36]
[196.8]
[198.99]
[196.96]
[199.71]
[211.0]
[189.89]
[205.56]
[196.06]
[208.55]
[205.37]
[197.86]
[197.37]
[199.91]
[194.62]
[189.47]
[202.02]
[200.43]
[189.11]
[194.63]
[197.7]
[186.78]
[190.7]
[198.02]
[199.57]
[205.07]
[201.66]
[198.89]
[203.2]
[191.25]
[201.89]
[198.09]
[200.1]
[186.47]
[200.54]
[203.44]
[187.29]
[198.55]
[253.04]
[198.31]
[195.88]
[189.89]
[208.54]
[198.78]
[197.96]
[198.16]
[198.95]
[201.03]
[183.46]
[207.34]
[196.26]
[207.26]
[197.84]
[202.19]
[195.61]
[197.64]
[198.03]
[196.28]
[207.18]
[198.99]
[199.62]
[196.79]
[198.96]
[204.76]
[190.68]
[196.39]
[200.51]
[182.66]
[195.83]
[193.1]
[194.99]
[199.4]
[197.12]
[191.87]
[194.33]
[192.35]
[200.46]
[198.38]
[205.56]
[209.33]
[187.17]
[196.23]
[199.79]
[197.79]
[187.98]
[200.82]
[194.51]
[200.05]
[193.47]
[179.01]
[200.65]
[203.67]
[202.21]
[198.37]
[205.76]
[197.86]
[207.68]
[206.13]
[203.89]
[200.91]
[196.03]
[197.03]
[198.92]
[199.11]
[202.66]
[204.0]
[207.62]
[199.09]
[192.71]
[197.32]
[197.49]
[200.01]
[207.87]
[195.78]
[194.01]
[196.18]
[195.9]
[210.05]
[204.96]
[199.97]
[195.34]
[191.77]
[195.58]
[194.95]
[197.35]
[202.92]
[197.58]
[193.52]
[195.93]
[200.14]
[192.73]
[190.13]
[197.82]
[198.87]
[193.26]
[195.81]
[198.34]
[201.16]
[196.12]
[208.52]
[202.14]
[202.11]
[189.93]
[190.22]
[203.3]
[203.66]
[207.22]
[202.4]
[187.67]
[195.88]
[201.64]
[197.43]
[197.6]
[198.89]
[201.24]
[189.52]
[187.6]
[197.42]
[187.67]
[195.62]
[192.31]
[192.15]
[205.44]
[194.84]
[182.21]
[196.64]
[209.12]
[188.39]
[196.66]
[191.86]
[196.1]
[193.94]
[195.35]
[194.26]
[198.85]
[204.49]
[204.02]
[203.39]
[200.3]
[200.53]
[193.47]
[195.86]
[212.82]
[196.66]
[200.43]
[200.1]
[198.7]
[191.9]
[193.99]
[294.77]
[208.72]
[196.08]
[195.5]
[191.17]
[195.78]
[196.02]
[201.79]
[200.97]
[202.11]
[204.5]
[193.15]
[192.79]
[197.0]
[195.86]
[199.93]
[199.22]
[194.13]
[195.54]
[195.27]
[202.82]
[193.49]
[212.26]
[207.09]
[202.56]
[189.6]
[195.43]
[199.53]
[197.96]
[198.68]
[199.12]
[182.63]
[207.18]
[199.72]
[195.74]
[200.97]
[211.29]
[190.99]
[195.21]
[189.3]
[198.54]
[191.65]
[191.61]
[197.16]
[209.78]
[202.53]
[201.78]
[189.87]
[196.17]
[191.69]
[198.82]
[189.88]
[199.08]
[203.89]
[201.81]
[203.13]
[200.38]
[192.3]
[201.7]
[199.82]
[197.8]
[210.35]
[193.62]
[205.46]
[199.53]
[194.18]
[195.63]
[201.24]
[191.72]
[202.11]
[199.69]
[202.85]
[197.51]
[202.51]
[190.98]
[197.08]
[200.27]
[198.71]
[199.61]
[196.09]
[198.85]
[193.32]
[195.67]
[192.65]
[199.5]
[203.35]
[203.23]
[197.11]
[192.76]
[196.01]
[193.56]
[195.82]
[190.38]
[195.5]
[193.51]
[196.32]
[202.14]
[204.72]
[282.34]
[180.61]
[193.15]
[193.26]
[210.86]
[195.89]
[191.84]
[193.18]
[188.6]
[198.44]
[201.87]
[190.32]
[209.15]
[195.29]
[196.66]
[189.07]
[199.19]
[186.12]
[199.51]
[192.22]
[204.33]
[304.08]
[194.86]
[196.66]
[199.69]
[199.72]
[199.22]
[213.48]
[196.94]
[195.81]
[194.96]
[200.03]
[198.58]
[195.36]
[189.9]
[199.37]
[195.48]
[197.64]
[194.43]
[194.31]
[200.57]
[199.95]
[197.13]
[199.36]
[197.94]
[196.97]
[200.93]
[196.68]
[198.52]
[204.41]
[200.88]
[192.11]
[196.49]
[202.91]
[194.98]
[187.89]
[201.4]
[186.61]
[196.91]
[193.97]
[198.13]
[204.13]
[195.94]
[200.71]
[197.18]
[199.73]
[190.69]
[194.81]
[195.75]
[205.08]
[197.74]
[190.48]
[201.26]
[190.66]
[294.77]
[196.4]
[202.21]
[201.32]
[192.39]
[294.77]
[194.28]
[196.5]
[201.01]
[193.54]
[196.14]
[199.83]
[190.34]
[199.84]
[196.11]
[198.88]
[196.7]
[198.0]
[198.0]
[202.22]
[189.29]
[201.49]
[195.46]
[197.63]
[198.22]
[189.69]
[192.47]
[200.22]
[197.96]
[195.21]
[193.24]
[198.29]
[198.35]
[193.55]
[193.72]
[199.9]
[196.85]
[294.77]
[188.89]
[194.81]
[206.22]
[202.98]
[201.11]
[193.2]
[201.38]
[196.74]
[193.34]
[199.17]
[196.86]
[188.98]
[194.75]
[203.85]
[198.83]
[188.52]
[201.02]
[190.47]
[197.16]
[190.71]
[196.09]
[190.95]
[190.93]
[199.08]
[203.46]
[197.75]
[192.67]
[196.47]
[200.62]
[197.03]
[201.42]
[196.66]
[200.41]
[201.43]
[190.22]
[191.11]
[201.63]
[192.92]
[193.27]
[192.13]
[199.28]
[192.45]
[196.63]
[206.94]
[183.14]
[196.12]
[182.93]
[194.53]
[198.79]
[180.52]
[193.51]
[198.5]
[205.53]
[193.39]
[216.92]
[198.65]
[197.58]
[209.36]
[194.89]
[199.57]
[198.55]
[195.84]
[193.9]
[206.58]
[209.61]
[200.31]
[194.19]
[195.02]
[196.0]
[192.34]
[199.02]
[201.59]
[195.57]
[197.36]
[197.99]
[191.24]
[196.56]
[194.52]
[184.88]
[196.75]
[194.09]
[196.15]
[190.41]
[200.06]
[196.82]
[191.59]
[199.39]
[203.04]
[192.25]
[196.99]
[195.56]
[209.59]
[210.3]
[197.18]
[200.33]
[198.63]
[196.37]
[198.07]
[193.53]
[197.22]
[210.4]
[193.77]
[197.96]
[193.03]
[189.73]
[195.63]
[194.91]
[202.45]
[201.93]
[196.06]
[192.9]
[194.27]
[194.25]
[193.86]
[194.45]
[203.09]
[197.99]
[196.89]
[188.08]
[203.4]
[186.33]
[184.26]
[197.73]
[196.75]
[198.0]
[195.87]
[194.9]
[198.21]
[201.04]
[205.66]
[194.95]
[197.6]
[195.21]
[198.01]
[196.62]
[195.75]
[200.08]
[184.53]
[188.35]
[194.44]
[204.86]
[197.99]
[190.08]
[190.42]
[201.28]
[204.12]
[198.38]
[204.15]
[193.64]
[198.24]
[183.91]
[191.66]
[196.0]
[197.9]
[184.15]
[193.88]
[197.15]
[200.97]
[206.87]
[194.56]
[212.39]
[196.6]
[205.41]
[196.94]
[200.91]
[197.21]
[188.73]
[195.73]
[189.8]
[194.22]
[197.45]
[197.64]
[198.77]
[197.81]
[191.7]
[202.02]
[195.88]
[203.66]
[199.73]
[200.2]
[199.59]
[197.12]
[199.15]
[186.99]
[183.97]
[186.83]
[196.07]
[188.0]
[199.89]
[197.19]
[195.88]
[202.11]
[202.34]
[199.72]
[197.49]
[192.48]
[196.55]
[198.79]
[192.81]
[199.26]
[198.38]
[210.57]
[196.41]
[197.49]
[198.55]
[190.7]
[198.11]
[195.31]
[196.08]
[200.32]
[187.31]
[200.64]
[195.95]
[197.09]
[189.82]
[201.37]
[189.75]
[195.2]
[202.24]
[202.28]
[186.72]
[210.56]
[206.61]
[193.77]
[199.13]
[197.17]
[203.43]
[200.89]
[194.62]
[196.19]
[195.84]
[194.94]
[197.64]
[203.84]
[184.2]
[193.01]
[207.36]
[200.46]
[193.06]
[196.7]
[183.69]
[193.0]
[201.25]
[198.1]
[197.09]
[189.51]
[196.12]
[204.81]
[203.92]
[202.64]
[186.5]
[195.28]
[193.04]
[191.58]
[194.7]
[201.79]
[196.19]
[198.73]
[188.87]
[198.1]
[199.74]
[189.18]
[197.39]
[194.86]
[198.5]
[186.82]
[196.35]
[196.77]
[205.38]
[207.73]
[203.44]
[183.73]
[198.29]
[197.83]
[195.63]
[200.08]
[196.27]
[191.5]
[196.0]
[189.24]
[199.59]
[199.5]
[221.24]
[203.35]
[186.27]
[210.5]
[195.82]
[197.16]
[202.73]
[208.4]
[209.96]
[204.28]
[294.77]
[294.77]
[197.95]
[199.28]
[203.16]
[193.61]
[200.51]
[195.06]
[195.59]
[195.58]
[195.1]
[203.54]
[197.66]
[201.77]
[196.63]
[202.15]
[198.58]
[187.17]
[198.22]
[195.98]
[196.85]
[202.01]
[206.92]
[199.7]
[205.08]
[199.62]
[200.85]
[207.21]
[195.88]
[198.19]
[181.77]
[195.51]
[194.78]
[201.82]
[197.38]
[197.77]
[196.32]
[198.56]
[198.79]
[196.5]
[189.54]
[201.86]
[204.99]
[209.22]
[203.55]
[200.51]
[193.98]
[196.36]
[200.83]
[197.85]
[203.21]
[195.54]
[194.25]
[188.32]
[198.0]
[199.14]
[182.95]
[191.89]
[197.92]
[196.48]
[199.33]
[195.64]
[201.05]
[205.17]
[196.65]
[194.38]
[211.62]
[207.2]
[199.66]
[193.11]
[186.97]
[190.32]
[198.79]
[194.47]
[196.69]
[195.22]
[200.36]
[198.21]
[213.22]
[205.9]
[198.88]
[199.81]
[199.51]
[195.78]
[198.7]
[196.13]
[200.35]
[195.78]
[190.19]
[191.0]
[192.55]
[198.28]
[201.89]
[210.93]
[200.49]
[197.25]
[198.03]
[192.71]
[192.31]
[195.89]
[198.15]
[193.67]
[198.86]
[200.74]
[194.71]
[205.98]
[190.25]
[193.3]
[201.59]
[200.62]
[197.03]
[198.16]
[193.06]
[192.5]
[189.02]
[194.95]
[196.2]
[196.17]
[196.99]
[193.57]
[198.17]
[200.62]
[200.51]
[195.39]
[188.4]
[196.94]
[195.03]
[197.76]
[194.81]
[189.16]
[215.33]
[205.56]
[203.31]
[198.47]
[198.12]
[192.93]
[199.54]
[202.64]
[193.95]
[179.75]
[198.58]
[190.26]
[208.15]
[196.47]
[202.19]
[195.53]
[188.22]
[179.76]
[207.37]
[196.05]
[196.09]
[205.67]
[196.54]
[196.83]
[201.84]
[210.31]
[196.43]
[201.2]
[204.97]
[197.27]
[197.25]
[195.15]
[194.74]
[200.09]
[196.63]
[199.23]
[194.11]
[196.2]
[202.51]
[194.21]
[206.14]
[190.82]
[193.74]
[200.18]
[192.25]
[199.48]
[194.11]
[186.75]
[195.47]
[197.55]
[195.65]
[182.55]
[182.6]
[196.39]
[189.95]
[199.15]
[203.86]
[198.31]
[195.13]
[196.11]
[197.26]
[194.97]
[202.82]
[197.43]
[198.7]
[201.47]
[195.28]
[195.74]
[196.66]
[197.8]
[186.88]
[191.21]
[203.15]
[197.89]
[199.65]
[196.04]
[194.51]
[197.39]
[202.31]
[196.55]
[195.85]
[197.19]
[197.43]
[196.48]
[199.24]
[197.01]
[189.2]
[198.36]
[193.68]
[189.62]
[196.29]
[197.05]
[201.42]
[195.06]
[185.37]
[198.5]
[197.13]
[196.97]
[196.33]
[195.93]
[194.53]
[202.26]
[193.78]
[196.51]
[197.76]
[195.73]
[200.93]
[203.38]
[194.43]
[194.9]
[192.8]
[206.85]
[197.39]
[193.3]
[194.78]
[196.72]
[198.53]
[192.96]
[194.33]
[185.71]
[186.58]
[198.86]
[201.95]
[204.55]
[192.45]
[189.49]
[191.38]
[201.05]
[191.78]
[201.71]
[197.43]
[196.03]
[201.52]
[209.3]
[196.86]
[193.47]
[194.52]
[184.58]
[197.78]
[192.68]
[192.23]
[196.95]
[201.93]
[199.51]
[189.97]
[186.95]
[199.65]
[204.84]
[195.45]
[196.84]
[200.87]
[196.73]
[192.17]
[195.85]
[195.22]
[204.97]
[199.27]
[197.27]
[193.53]
[194.85]
[189.09]
[193.52]
[194.39]
[198.46]
[192.27]
[191.35]
[199.16]
[201.19]
[199.69]
[201.74]
[198.2]
[194.44]
[204.89]
[193.42]
[202.45]
[205.95]
[201.64]
[196.63]
[198.28]
[194.78]
[202.03]
[189.09]
[191.75]
[191.95]
[189.24]
[201.52]
[194.12]
[196.81]
[188.78]
[193.14]
[182.94]
[207.19]
[202.88]
[198.87]
[207.07]
[207.16]
[189.48]
[199.91]
[195.31]
[194.15]
[196.75]
[192.34]
[201.44]
[196.31]
[200.55]
[202.4]
[202.81]
[196.73]
[195.56]
[191.39]
[203.86]
[186.78]
[198.93]
[202.86]
[189.15]
[198.15]
[199.54]
[208.66]
[201.73]
[205.09]
[196.33]
[194.38]
[199.91]
[201.86]
[199.95]
[193.2]
[211.36]
[197.5]
[201.39]
[194.49]
[202.0]
[195.94]
[200.62]
[196.25]
[203.11]
[193.52]
[186.83]
[194.32]
[203.23]
[192.01]
[193.13]
[201.26]
[197.29]
[192.51]
[191.61]
[201.49]
[201.34]
[189.26]
[207.19]
[208.0]
[201.14]
[198.15]
[202.88]
[205.8]
[211.69]
[204.34]
[203.49]
[205.14]
[205.96]
[201.53]
[200.78]
[190.84]
[203.41]
[197.31]
[189.53]
[198.78]
[187.0]
[198.82]
[202.73]
[201.91]
[195.08]
[187.92]
[206.2]
[196.33]
[205.47]
[205.4]
[201.75]
[196.27]
[204.17]
[197.44]
[196.93]
[190.72]
[203.47]
[189.52]
[202.25]
[191.53]
[213.0]
[190.68]
[203.75]
[197.36]
[208.76]
[204.26]
[191.14]
[195.99]
[193.85]
[204.54]
[205.98]
[199.29]
[195.54]
[202.82]
[191.01]
[196.66]
[202.61]
[210.14]
[190.87]
[196.47]
[203.97]
[199.8]
[198.49]
[198.33]
[188.52]
[188.71]
[198.31]
[193.56]
[202.44]
[201.22]
[193.43]
[190.07]
[191.83]
[192.12]
[186.34]
[195.85]
[199.93]
[200.9]
[201.14]
[193.11]
[191.97]
[194.87]
[194.01]
[196.33]
[193.93]
[196.04]
[191.4]
[200.95]
[195.42]
[203.36]
[208.84]
[186.77]
[202.18]
[193.83]
[212.39]
[201.99]
[195.97]
[197.73]
[191.62]
[191.2]
[202.39]
[202.74]
[186.8]
[196.82]
[193.6]
[201.23]
[198.36]
[208.31]
[186.86]
[203.07]
[192.11]
[202.1]
[187.95]
[202.2]
[203.57]
[201.46]
[188.73]
[193.05]
[195.99]
[192.8]
[193.35]
[195.81]
[194.92]
[206.88]
[190.56]
[195.21]
[201.15]
[188.32]
[197.2]
[198.22]
[190.09]
[194.83]
[205.72]
[195.78]
[192.75]
[192.65]
[198.6]
[201.48]
[202.39]
[194.88]
[195.22]
[197.33]
[202.96]
[205.79]
[199.36]
[199.09]
[189.86]
[196.28]
[204.11]
[201.49]
[208.86]
[202.93]
[196.4]
[198.5]
[192.15]
[195.32]
[202.16]
[194.55]
[190.8]
[195.49]
[195.09]
[196.66]
[192.04]
[199.15]
[188.89]
[187.6]
[198.61]
[193.37]
[200.02]
[200.87]
[188.66]
[194.8]
[193.82]
[202.49]
[194.35]
[197.81]
[194.55]
[191.93]
[198.6]
[192.97]
[194.17]
[196.64]
[187.11]
[188.35]
[203.49]
[199.74]
[194.42]
[186.35]
[194.64]
[194.66]
[198.58]
[196.1]
[188.36]
[196.16]
[193.1]
[196.22]
[194.07]
[193.63]
[189.63]
[196.82]
[197.51]
[198.36]
[197.63]
[195.56]
[191.55]
[191.34]
[202.54]
[202.29]
[203.03]
[192.14]
[193.6]
[188.31]
[196.5]
[191.04]
[197.24]
[186.69]
[192.08]
[186.58]
[193.28]
[190.73]
[193.72]
[192.94]
[198.53]
[193.72]
[195.09]
[195.04]
[192.37]
[195.04]
[191.7]
[193.53]
[202.79]
[190.56]
[200.83]
[195.74]
[200.69]
[193.83]
[203.98]
[191.72]
[201.38]
[200.08]
[200.84]
[192.82]
[201.6]
[200.26]
[203.21]
[198.9]
[193.8]
[195.75]
[193.7]
[193.46]
[196.18]
[200.88]
[198.68]
[200.93]
[193.76]
[194.35]
[189.85]
[193.52]
[198.75]
[193.36]
[194.36]
[204.04]
[196.43]
[198.87]
[197.43]
[199.91]
[194.58]
[195.83]
[198.13]
[188.34]
[197.8]
[203.27]
[193.64]
[199.44]
[202.08]
[196.41]
[196.75]
[199.11]
[192.36]
[199.18]
[197.45]
[193.73]
[200.77]
[199.76]
[201.53]
[200.58]
[203.2]
[197.7]
[193.92]
[195.83]
[197.97]
[195.28]
[200.58]
[195.81]
[193.11]
[193.82]
[195.51]
[193.91]
[195.44]
[189.97]
[196.79]
[199.59]
[193.52]
[198.64]
[195.0]
[198.25]
[199.42]
[200.72]
[198.34]
[201.02]
[194.74]
[200.22]
[198.69]
[196.9]
[196.86]
[194.31]
[199.19]
[197.6]
[192.41]
[195.36]
[201.04]
[199.3]
[192.98]
[187.16]
[187.65]
[198.59]
[195.7]
[191.38]
[197.32]
[202.28]
[202.27]
[202.43]
[206.03]
[197.49]
[192.96]
[207.25]
[210.68]
[197.4]
[196.81]
[197.79]
[196.69]
[196.33]
[203.16]
[199.15]
[202.79]
[200.63]
[202.37]
[188.71]
[196.16]
[196.97]
[189.52]
[190.12]
[206.08]
[196.02]
[196.53]
[202.73]
[204.46]
[192.52]
[193.09]
[190.09]
[211.08]
[201.24]
[193.13]
[204.56]
[195.54]
[192.66]
[199.33]
[200.48]
[198.3]
[188.73]
[189.89]
[194.24]
[205.4]
[202.33]
[202.41]
[197.27]
[192.4]
[187.4]
[194.88]
[201.93]
[196.34]
[193.65]
[204.03]
[194.16]
[188.19]
[204.95]
[206.44]
[197.09]
[197.67]
[202.54]
[195.45]
[193.55]
[192.94]
[193.38]
[205.99]
[188.8]
[197.49]
[200.44]
[211.62]
[208.39]
[200.08]
[201.46]
[195.96]
[200.23]
[193.64]
[190.55]
[200.87]
[190.98]
[196.2]
[206.85]
[188.58]
[207.67]
[199.36]
[192.17]
[206.77]
[197.25]
[195.01]