[14.38]
[26.59]
[26.74]
[33.11]
[12.13]
[32.89]
[21.5]
[19.43]
[20.89]
[17.54]
[11.35]
[35.39]
[20.05]
[20.7]
[17.11]
[19.37]
[15.4]
[32.78]
[10.03]
[14.24]
[16.92]
[24.51]
[23.92]
[16.6]
[41.19]
[17.38]
[30.5]
[31.62]
[14.53]
[15.94]
[16.26]
[12.87]
[7.79]
[19.44]
[19.77]
[16.44]
[38.25]
[22.37]
[18.58]
[23.7]
[19.35]
[20.7]
[22.36]
[41.0]
[25.78]
[13.67]
[66.54]
[107.18]
[41.09]
[14.22]
[15.71]
[21.53]
[17.38]
[25.26]
[20.9]
[14.8]
[23.94]
[30.25]
[41.09]
[14.22]
[16.08]
[14.42]
[38.25]
[26.27]
[41.09]
[60.47]
[15.48]
[8.23]
[20.67]
[16.36]
[14.91]
[21.85]
[21.01]
[35.39]
[20.34]
[11.34]
[15.85]
[30.5]
[355.34]
[23.87]
[20.87]
[22.27]
[38.59]
[50.52]
[29.03]
[60.47]
[15.11]
[31.47]
[21.58]
[17.07]
[11.05]
[17.5]
[11.86]
[10.38]
[15.98]
[25.46]
[29.73]
[106.21]
[66.54]
[107.18]
[59.68]
[3.76]
[23.25]
[20.52]
[37.86]
[19.24]
[11.83]
[18.42]
[291.0]
[11.11]
[8.92]
[21.27]
[28.55]
[19.85]
[30.91]
[7.43]
[17.88]
[25.83]
[2.13]
[19.56]
[15.72]
[20.87]
[15.48]
[34.04]
[6.32]
[19.66]
[21.39]
[28.27]
[20.74]
[17.43]
[18.1]
[34.23]
[14.0]
[24.37]
[26.69]
[20.88]
[15.87]
[51.78]
[13.42]
[39.91]
[41.65]
[13.8]
[23.79]
[30.5]
[26.77]
[12.8]
[37.76]
[11.71]
[28.34]
[23.67]
[42.83]
[29.44]
[22.11]
[31.94]
[10.01]
[11.98]
[10.73]
[20.83]
[22.31]
[45.89]
[37.95]
[22.97]
[20.72]
[29.0]
[20.87]
[15.48]
[20.53]
[17.71]
[15.54]
[21.86]
[16.74]
[26.38]
[41.19]
[14.43]
[30.15]
[37.76]
[72.36]
[18.45]
[23.18]
[22.11]
[20.27]
[35.24]
[58.79]
[70.67]
[2.84]
[16.96]
[2.31]
[39.91]
[15.49]
[29.22]
[48.72]
[14.16]
[18.17]
[19.12]
[38.38]
[21.9]
[357.5]
[41.68]
[16.9]
[37.95]
[13.83]
[17.52]
[15.26]
[10.77]
[13.24]
[25.19]
[6.32]
[34.1]
[13.69]
[26.21]
[40.06]
[21.01]
[59.61]
[14.68]
[3.76]
[51.31]
[58.79]
[18.56]
[21.78]
[44.6]
[12.66]
[29.47]
[48.72]
[14.56]
[28.4]
[20.15]
[29.24]
[16.5]
[21.35]
[4.48]
[43.09]
[23.66]
[22.64]
[31.82]
[16.32]
[29.12]
[28.63]
[14.61]
[15.14]
[15.4]
[22.03]
[8.88]
[32.82]
[24.47]
[51.75]
[48.72]
[32.71]
[35.39]
[14.89]
[224.93]
[19.62]
[27.8]
[9.04]
[17.11]
[18.18]
[23.87]
[21.09]
[15.67]
[12.08]
[35.63]
[20.63]
[357.5]
[15.48]
[41.09]
[40.13]
[26.49]
[13.71]
[18.63]
[10.9]
[24.21]
[38.34]
[3.76]
[350.59]
[7.45]
[36.7]
[26.08]
[30.25]
[14.19]
[14.54]
[14.62]
[13.0]
[14.86]
[351.95]
[26.88]
[15.87]
[12.05]
[20.25]
[27.41]
[15.93]
[13.56]
[29.68]
[18.59]
[291.0]
[25.32]
[73.33]
[41.09]
[28.9]
[13.94]
[350.59]
[25.75]
[14.22]
[42.96]
[17.44]
[73.33]
[29.04]
[18.85]
[0.87]
[359.59]
[9.91]
[27.07]
[25.46]
[27.99]
[19.22]
[18.24]
[2.65]
[26.44]
[21.6]
[22.36]
[41.71]
[14.22]
[19.52]
[17.67]
[16.32]
[19.46]
[23.48]
[6.89]
[28.77]
[24.43]
[22.58]
[16.85]
[23.98]
[44.23]
[72.36]
[29.19]
[49.86]
[34.87]
[7.45]
[15.22]
[18.53]
[29.11]
[23.26]
[19.03]
[10.77]
[25.15]
[9.82]
[38.55]
[27.48]
[11.42]
[36.97]
[24.1]
[5.71]
[50.52]
[10.95]
[6.15]
[11.73]
[21.1]
[10.28]
[13.32]
[24.5]
[10.9]
[21.82]
[17.97]
[15.62]
[28.96]
[36.8]
[31.14]
[359.54]
[357.5]
[2.44]
[22.2]
[21.35]
[18.46]
[12.05]
[19.16]
[29.89]
[27.95]
[13.91]
[6.71]
[44.6]
[26.59]
[18.34]
[9.34]
[14.84]
[12.93]
[26.18]
[34.63]
[34.68]
[32.77]
[20.88]
[21.55]
[22.87]
[20.15]
[10.13]
[14.26]
[19.35]
[28.28]
[13.46]
[12.76]
[40.72]
[22.54]
[307.22]
[22.9]
[25.35]
[23.01]
[32.77]
[27.51]
[18.88]
[20.76]
[7.45]
[28.4]
[10.21]
[350.59]
[24.73]
[20.52]
[11.73]
[19.12]
[29.98]
[14.79]
[22.72]
[15.39]
[21.29]
[32.78]
[359.59]
[11.52]
[22.15]
[14.74]
[18.56]
[22.5]
[22.13]
[23.04]
[23.66]
[21.58]
[27.69]
[34.63]
[18.53]
[13.94]
[12.35]
[22.59]
[28.38]
[5.28]
[38.02]
[19.63]
[18.56]
[14.59]
[23.43]
[12.09]
[53.88]
[25.88]
[35.39]
[16.32]
[9.94]
[23.87]
[31.69]
[12.35]
[3.39]
[12.49]
[26.21]
[42.27]
[34.63]
[44.6]
[359.59]
[22.93]
[22.5]
[13.34]
[20.66]
[10.75]
[14.04]
[9.96]
[36.6]
[50.52]
[20.87]
[28.04]
[38.25]
[15.12]
[67.52]
[24.85]
[33.28]
[20.15]
[38.18]
[25.06]
[41.67]
[30.5]
[0.87]
[23.27]
[7.21]
[72.36]
[27.84]
[0.87]
[359.59]
[27.22]
[14.29]
[38.18]
[27.77]
[41.37]
[20.45]
[19.77]
[35.39]
[10.75]
[21.06]
[25.68]
[13.71]
[17.21]
[11.97]
[12.55]
[6.11]
[22.8]
[34.85]
[30.04]
[39.77]
[24.4]
[22.27]
[26.87]
[21.41]
[13.49]
[11.29]
[60.47]
[15.06]
[21.68]
[11.79]
[14.41]
[12.69]
[22.07]
[20.21]
[18.72]
[27.31]
[20.44]
[32.8]
[14.66]
[17.15]
[24.52]
[23.66]
[27.7]
[15.71]
[24.82]
[43.27]
[14.54]
[34.85]
[36.82]
[13.78]
[41.51]
[32.71]
[22.57]
[17.06]
[28.22]
[24.39]
[17.92]
[24.0]
[21.33]
[27.21]
[19.46]
[24.83]
[29.29]
[22.01]
[25.12]
[23.8]
[44.6]
[107.18]
[24.19]
[21.28]
[18.9]
[0.87]
[28.1]
[23.03]
[41.73]
[44.23]
[42.02]
[11.05]
[23.87]
[39.67]
[22.12]
[21.99]
[29.98]
[24.4]
[12.16]
[36.7]
[37.95]
[18.57]
[20.0]
[15.18]
[12.35]
[353.84]
[23.34]
[72.36]
[19.03]
[19.48]
[18.18]
[26.57]
[39.91]
[48.72]
[18.7]
[16.12]
[27.12]
[12.03]
[15.05]
[291.0]
[8.22]
[34.15]
[11.37]
[20.4]
[15.61]
[0.0]
[27.48]
[12.78]
[21.53]
[41.09]
[18.31]
[16.14]
[22.84]
[25.42]
[49.86]
[32.8]
[7.45]
[20.34]
[16.44]
[17.77]
[19.66]
[33.03]
[28.89]
[32.84]
[42.83]
[17.77]
[27.2]
[23.87]
[28.05]
[40.63]
[18.86]
[25.66]
[20.35]
[21.87]
[49.86]
[26.42]
[72.36]
[26.89]
[26.86]
[27.24]
[34.85]
[37.1]
[28.14]
[45.82]
[22.82]
[0.31]
[38.99]
[79.41]
[359.59]
[25.55]
[24.98]
[44.23]
[15.5]
[0.84]
[20.07]
[24.1]
[28.33]
[24.87]
[32.52]
[15.17]
[23.96]
[20.26]
[10.94]
[43.79]
[33.17]
[26.78]
[22.78]
[40.18]
[19.4]
[23.2]
[22.65]
[21.11]
[9.93]
[32.74]
[32.44]
[40.08]
[15.5]
[21.03]
[23.24]
[19.44]
[42.02]
[14.9]
[20.35]
[22.4]
[36.42]
[22.23]
[25.1]
[14.58]
[20.27]
[29.42]
[20.67]
[13.86]
[16.18]
[28.72]
[38.25]
[35.87]
[38.18]
[72.36]
[22.06]
[23.43]
[19.1]
[28.74]
[17.71]
[44.73]
[10.53]
[17.54]
[34.68]
[18.16]
[19.06]
[70.67]
[43.42]
[17.55]
[28.05]
[12.42]
[24.76]
[22.29]
[29.98]
[29.61]
[41.79]
[35.06]
[21.07]
[28.92]
[18.05]
[15.26]
[18.59]
[48.72]
[35.39]
[355.34]
[355.34]
[43.78]
[27.32]
[23.01]
[30.5]
[6.68]
[24.2]
[30.5]
[17.52]
[12.65]
[17.09]
[25.17]
[26.29]
[28.48]
[13.85]
[13.72]
[22.84]
[26.09]
[15.85]
[14.08]
[22.77]
[30.04]
[26.33]
[24.28]
[8.72]
[24.82]
[25.32]
[21.41]
[36.7]
[12.65]
[15.87]
[23.87]
[25.28]
[60.47]
[3.91]
[16.91]
[12.64]
[17.35]
[49.86]
[39.29]
[26.32]
[35.06]
[29.99]
[27.41]
[19.22]
[34.69]
[25.11]
[44.22]
[32.8]
[23.66]
[17.88]
[32.88]
[23.77]
[23.57]
[0.0]
[14.26]
[12.43]
[354.91]
[14.07]
[15.04]
[35.87]
[14.88]
[20.0]
[51.45]
[32.8]
[13.44]
[34.23]
[14.77]
[60.47]
[24.17]
[18.78]
[21.37]
[98.26]
[29.77]
[14.08]
[27.99]
[28.04]
[21.28]
[16.48]
[18.35]
[10.6]
[41.65]
[16.5]
[18.21]
[25.75]
[1.23]
[26.9]
[20.75]
[15.98]
[13.4]
[13.24]
[23.6]
[16.93]
[23.92]
[25.99]
[12.01]
[15.48]
[29.89]
[34.09]
[10.03]
[30.23]
[42.43]
[38.25]
[15.87]
[22.72]
[22.07]
[19.84]
[18.73]
[11.47]
[30.5]
[18.67]
[20.54]
[11.39]
[97.51]
[14.65]
[27.25]
[21.78]
[73.33]
[6.56]
[23.74]
[25.32]
[11.33]
[29.06]
[40.57]
[14.95]
[30.23]
[58.79]
[34.57]
[18.07]
[11.36]
[13.71]
[34.57]
[19.3]
[23.41]
[39.48]
[2.31]
[15.92]
[20.57]
[98.26]
[13.11]
[27.69]
[32.8]
[22.69]
[17.38]
[9.23]
[291.0]
[24.31]
[31.0]
[26.34]
[21.72]
[19.46]
[38.97]
[6.68]
[21.8]
[34.85]
[22.25]
[43.42]
[36.82]
[357.5]
[31.0]
[27.41]
[18.86]
[22.7]
[29.08]
[66.54]
[22.64]
[107.18]
[18.02]
[17.67]
[15.48]
[21.63]
[10.12]
[14.57]
[10.47]
[22.04]
[13.31]
[16.48]
[22.13]
[38.43]
[24.1]
[43.27]
[21.7]
[7.32]
[27.58]
[25.71]
[21.38]
[37.83]
[15.52]
[58.2]
[39.21]
[18.27]
[25.4]
[22.72]
[17.46]
[25.86]
[35.09]
[7.8]
[29.19]
[27.44]
[23.74]
[30.65]
[22.47]
[13.18]
[18.18]
[21.11]
[41.94]
[18.29]
[29.94]
[27.99]
[22.18]
[18.09]
[25.55]
[60.47]
[8.0]
[19.38]
[19.02]
[0.87]
[21.13]
[44.76]
[24.46]
[30.44]
[25.18]
[15.03]
[13.63]
[17.3]
[16.32]
[39.91]
[18.74]
[42.84]
[13.29]
[291.0]
[17.12]
[18.84]
[25.66]
[16.93]
[20.85]
[21.0]
[7.83]
[39.91]
[13.21]
[24.54]
[30.23]
[39.3]
[13.84]
[31.51]
[291.0]
[17.14]
[15.5]
[19.63]
[19.14]
[27.4]
[19.08]
[17.14]
[32.77]
[30.92]
[18.51]
[16.85]
[38.18]
[22.23]
[17.43]
[28.86]
[33.46]
[17.11]
[18.17]
[30.46]
[26.05]
[35.54]
[33.28]
[17.43]
[28.75]
[16.73]
[19.59]
[17.16]
[20.22]
[22.44]
[0.87]
[33.03]
[18.25]
[16.03]
[21.8]
[23.79]
[17.89]
[21.82]
[17.9]
[13.49]
[15.71]
[15.13]
[15.73]
[18.44]
[16.25]
[17.64]
[19.37]
[14.43]
[17.52]
[16.42]
[17.96]
[18.55]
[19.83]
[14.04]
[17.66]
[14.81]
[24.76]
[15.37]
[16.3]
[18.1]
[22.42]
[19.84]
[15.4]
[19.6]
[15.03]
[21.14]
[12.49]
[15.88]
[12.82]
[12.44]
[17.24]
[13.88]
[18.7]
[15.11]
[16.56]
[14.8]
[12.99]
[17.67]
[15.29]
[12.28]
[16.08]
[24.21]
[18.91]
[15.97]
[15.74]
[16.51]
[14.25]
[15.11]
[17.59]
[17.42]
[23.68]
[16.35]
[15.34]
[11.05]
[14.61]
[20.34]
[18.52]
[17.47]
[15.21]
[18.37]
[14.75]
[12.12]
[19.09]
[14.36]
[99.3]
[19.08]
[306.45]
[353.42]
[11.98]
[27.88]
[8.12]
[18.09]
[15.45]
[27.19]
[17.13]
[4.1]
[15.89]
[5.98]
[18.29]
[13.36]
[25.81]
[11.58]
[12.24]
[26.19]
[295.66]
[16.29]
[8.32]
[17.31]
[25.34]
[43.12]
[12.66]
[16.1]
[32.98]
[17.58]
[13.47]
[90.0]
[20.85]
[14.23]
[15.76]
[40.21]
[21.0]
[16.84]
[344.98]
[16.03]
[18.77]
[11.78]
[306.45]
[3.96]
[21.58]
[32.63]
[356.91]
[44.99]
[19.8]
[25.6]
[349.72]
[16.92]
[14.16]
[15.33]
[11.73]
[19.11]
[28.78]
[18.43]
[1.93]
[9.85]
[12.68]
[8.6]
[23.44]
[19.17]
[7.89]
[20.26]
[6.98]
[16.97]
[13.53]
[41.24]
[358.76]
[16.08]
[12.94]
[13.6]
[15.48]
[17.03]
[2.67]
[26.57]
[0.93]
[146.59]
[43.12]
[18.28]
[8.84]
[8.86]
[10.7]
[101.93]
[22.64]
[5.05]
[19.75]
[343.27]
[15.16]
[0.28]
[13.42]
[4.43]
[26.69]
[11.54]
[12.7]
[17.47]
[35.83]
[21.84]
[26.57]
[27.21]
[13.22]
[10.01]
[17.07]
[16.43]
[24.68]
[18.59]
[18.89]
[29.02]
[177.1]
[177.1]
[8.15]
[44.99]
[9.67]
[15.3]
[180.0]
[21.97]
[17.36]
[24.89]
[24.95]
[13.9]
[343.24]
[8.14]
[20.25]
[23.67]
[22.02]
[24.17]
[9.07]
[11.3]
[11.36]
[18.58]
[10.41]
[24.28]
[30.83]
[12.03]
[9.68]
[13.04]
[21.35]
[35.28]
[3.25]
[8.51]
[352.44]
[13.39]
[16.39]
[12.0]
[41.24]
[15.09]
[13.07]
[28.74]
[12.81]
[346.6]
[233.93]
[341.46]
[7.36]
[10.26]
[16.4]
[6.03]
[101.93]
[22.96]
[18.97]
[19.49]
[10.49]
[29.6]
[24.69]
[21.57]
[75.15]
[14.68]
[13.64]
[12.85]
[7.27]
[101.93]
[0.97]
[12.15]
[17.41]
[245.52]
[4.99]
[10.8]
[6.57]
[22.16]
[28.72]
[23.2]
[21.22]
[18.42]
[26.42]
[10.89]
[23.53]
[22.66]
[16.56]
[26.14]
[19.21]
[14.02]
[19.19]
[21.43]
[24.88]
[17.16]
[16.9]
[22.73]
[18.43]
[20.41]
[17.46]
[332.77]
[18.34]
[5.46]
[17.36]
[9.02]
[18.89]
[21.05]
[0.36]
[21.51]
[22.17]
[23.1]
[17.68]
[14.79]
[25.36]
[146.59]
[356.25]
[14.33]
[15.35]
[348.14]
[15.37]
[33.13]
[2.0]
[22.0]
[21.34]
[7.7]
[17.54]
[31.38]
[11.54]
[13.04]
[34.09]
[24.37]
[19.12]
[9.79]
[26.24]
[17.55]
[17.56]
[13.82]
[12.73]
[11.76]
[21.64]
[13.6]
[33.22]
[19.33]
[33.84]
[172.55]
[17.16]
[17.03]
[18.63]
[17.36]
[27.56]
[20.53]
[9.06]
[12.64]
[16.7]
[35.9]
[14.87]
[71.4]
[18.11]
[13.95]
[12.79]
[28.17]
[26.25]
[15.69]
[17.33]
[26.12]
[15.61]
[11.83]
[26.0]
[12.76]
[17.71]
[214.17]
[11.41]
[9.1]
[16.76]
[13.53]
[15.29]
[26.57]
[18.82]
[22.54]
[17.45]
[87.59]
[23.92]
[43.57]
[16.68]
[17.67]
[21.68]
[20.09]
[26.69]
[22.78]
[3.54]
[12.47]
[14.79]
[16.94]
[15.11]
[23.35]
[18.43]
[11.37]
[26.5]
[19.34]
[357.8]
[19.35]
[9.67]
[16.29]
[24.54]
[355.95]
[27.35]
[25.17]
[35.67]
[10.54]
[12.27]
[18.5]
[52.18]
[26.23]
[25.34]
[33.14]
[15.71]
[47.97]
[25.78]
[18.53]
[349.51]
[19.81]
[29.64]
[23.56]
[4.99]
[13.18]
[8.26]
[19.67]
[7.42]
[349.4]
[24.41]
[17.15]
[10.24]
[15.99]
[26.28]
[21.88]
[43.12]
[38.78]
[16.3]
[25.57]
[245.52]
[9.98]
[11.47]
[172.55]
[22.75]
[19.89]
[6.61]
[22.88]
[14.38]
[17.36]
[14.26]
[11.68]
[12.01]
[27.69]
[18.25]
[8.92]
[12.01]
[15.62]
[16.45]
[16.56]
[13.3]
[6.98]
[25.99]
[15.96]
[42.8]
[1.93]
[21.41]
[21.64]
[9.69]
[16.76]
[20.17]
[14.04]
[21.72]
[15.03]
[11.95]
[7.07]
[9.04]
[15.47]
[11.89]
[21.63]
[13.51]
[17.77]
[21.94]
[12.92]
[13.72]
[13.52]
[30.63]
[28.92]
[26.17]
[31.01]
[15.08]
[22.34]
[28.13]
[28.43]
[119.49]
[18.07]
[146.59]
[16.29]
[9.85]
[22.51]
[5.88]
[24.98]
[18.7]
[338.32]
[12.32]
[11.9]
[38.2]
[22.95]
[16.5]
[25.96]
[338.62]
[22.4]
[17.3]
[90.0]
[20.21]
[8.58]
[10.44]
[345.88]
[16.16]
[27.86]
[13.98]
[19.59]
[27.17]
[18.25]
[19.65]
[23.03]
[23.98]
[18.07]
[13.73]
[15.67]
[14.37]
[23.4]
[23.5]
[18.2]
[25.89]
[8.29]
[16.35]
[28.89]
[10.06]
[12.27]
[2.23]
[15.29]
[1.18]
[13.98]
[28.07]
[20.83]
[180.0]
[24.95]
[10.02]
[18.43]
[17.84]
[17.96]
[355.45]
[12.6]
[7.41]
[17.44]
[350.23]
[25.16]
[6.15]
[16.94]
[25.77]
[18.86]
[32.62]
[13.8]
[20.24]
[31.41]
[35.97]
[358.08]
[24.27]
[11.44]
[11.57]
[17.36]
[6.1]
[19.52]
[15.15]
[14.93]
[26.92]
[26.5]
[16.3]
[101.02]
[354.4]
[23.54]
[19.68]
[22.16]
[15.04]
[359.44]
[13.2]
[37.53]
[14.74]
[351.77]
[356.36]
[10.94]
[14.61]
[14.58]
[10.84]
[23.29]
[21.3]
[359.54]
[54.26]
[214.17]
[11.61]
[28.15]
[31.05]
[9.74]
[13.53]
[14.58]
[13.06]
[19.01]
[24.2]
[51.04]
[21.2]
[19.35]
[214.17]
[8.8]
[10.65]
[349.73]
[15.33]
[24.81]
[10.63]
[177.1]
[26.85]
[9.85]
[8.07]
[14.47]
[14.05]
[27.31]
[10.38]
[14.01]
[11.75]
[177.1]
[357.5]
[10.38]
[20.18]
[13.95]
[24.19]
[20.74]
[11.75]
[356.16]
[349.51]
[18.2]
[13.85]
[27.26]
[11.66]
[19.71]
[290.77]
[14.94]
[25.4]
[10.39]
[25.98]
[214.17]
[17.07]
[26.91]
[18.14]
[10.6]
[12.85]
[13.15]
[32.66]
[23.99]
[24.79]
[25.51]
[4.97]
[12.71]
[18.83]
[21.86]
[14.51]
[172.55]
[20.17]
[11.95]
[21.78]
[1.68]
[11.5]
[13.28]
[11.43]
[9.56]
[13.92]
[14.62]
[14.05]
[18.43]
[5.28]
[8.67]
[15.78]
[17.4]
[8.81]
[8.94]
[18.03]
[23.64]
[11.74]
[8.92]
[7.16]
[26.92]
[16.32]
[7.93]
[39.19]
[353.63]
[13.93]
[9.61]
[20.04]
[12.26]
[16.45]
[12.43]
[19.71]
[29.05]
[22.78]
[27.51]
[352.36]
[16.77]
[8.51]
[18.93]
[16.63]
[10.58]
[90.0]
[17.08]
[15.98]
[31.92]
[23.47]
[14.59]
[5.71]
[11.1]
[19.44]
[11.76]
[29.96]
[8.62]
[8.53]
[14.27]
[14.18]
[16.0]
[5.14]
[25.57]
[5.11]
[46.02]
[13.02]
[15.57]
[22.11]
[19.33]
[19.02]
[8.68]
[7.9]
[19.29]
[18.79]
[22.76]
[14.01]
[21.93]
[12.57]
[11.91]
[8.97]
[21.36]
[75.15]
[63.44]
[18.63]
[12.86]
[27.22]
[31.92]
[2.18]
[12.89]
[0.93]
[31.16]
[15.87]
[13.96]
[20.19]
[19.46]
[353.42]
[21.96]
[28.89]
[21.5]
[17.19]
[7.54]
[24.55]
[20.16]
[17.07]
[14.72]
[10.28]
[22.7]
[12.61]
[21.95]
[16.32]
[75.34]
[359.82]
[11.34]
[13.23]
[27.96]
[10.68]
[32.53]
[16.39]
[25.44]
[214.17]
[15.55]
[8.65]
[14.01]
[6.14]
[10.95]
[17.23]
[10.38]
[25.39]
[20.65]
[9.39]
[177.1]
[12.53]
[87.59]
[358.86]
[306.45]
[19.36]
[10.64]
[16.89]
[22.2]
[20.38]
[1.72]
[25.57]
[23.06]
[355.62]
[14.61]
[16.79]
[12.01]
[26.58]
[19.17]
[15.85]
[357.68]
[7.23]
[9.61]
[16.86]
[16.2]
[17.74]
[16.08]
[20.41]
[13.5]
[19.55]
[33.71]
[19.88]
[12.95]
[38.43]
[20.94]
[20.79]
[341.46]
[21.77]
[21.41]
[27.43]
[13.25]
[338.62]
[19.68]
[26.06]
[25.12]
[11.98]
[16.93]
[18.53]
[15.89]
[11.13]
[13.76]
[34.85]
[11.61]
[17.42]
[13.45]
[350.64]
[14.77]
[19.12]
[14.54]
[4.44]
[17.16]
[15.47]
[354.06]
[24.77]
[24.15]
[16.08]
[348.52]
[30.98]
[18.2]
[3.97]
[14.75]
[13.76]
[17.99]
[11.61]
[9.82]
[23.85]
[15.84]
[323.89]
[18.32]
[13.32]
[15.29]
[21.59]
[23.96]
[33.73]
[314.62]
[14.07]
[24.79]
[99.23]
[14.34]
[18.06]
[25.95]
[12.89]
[18.34]
[15.88]
[24.17]
[295.66]
[19.32]
[12.29]
[10.39]
[6.84]
[32.8]
[32.93]
[20.99]
[13.46]
[11.19]
[24.25]
[4.29]
[13.34]
[23.62]
[12.65]
[15.24]
[7.71]
[20.3]
[13.22]
[7.91]
[44.99]
[25.86]
[15.34]
[19.89]
[27.41]
[20.5]
[9.16]
[26.94]
[9.91]
[8.7]
[27.33]
[26.08]
[5.61]
[11.74]
[15.64]
[23.52]
[17.83]
[12.93]
[25.52]
[12.12]
[17.67]
[9.57]
[10.44]
[9.21]
[11.65]
[21.84]
[17.81]
[17.4]
[17.07]
[11.85]
[10.55]
[20.93]
[14.23]
[15.74]
[23.99]
[20.71]
[20.87]
[23.17]
[351.68]
[356.16]
[14.5]
[17.81]
[295.66]
[356.25]
[13.06]
[20.74]
[19.0]
[33.98]
[23.69]
[18.47]
[16.33]
[19.29]
[99.3]
[14.41]
[19.49]
[12.04]
[15.92]
[12.64]
[28.15]
[14.08]
[15.03]
[11.45]
[16.56]
[21.54]
[24.0]
[16.6]
[11.39]
[26.23]
[8.32]
[12.26]
[22.07]
[19.3]
[16.19]
[23.62]
[16.34]
[354.83]
[109.98]
[90.0]
[5.54]
[180.0]
[32.77]
[4.91]
[99.23]
[15.77]
[24.56]
[10.17]
[9.65]
[34.61]
[19.76]
[6.2]
[8.03]
[6.33]
[21.32]
[37.25]
[17.73]
[5.55]
[19.2]
[30.54]
[36.93]
[12.6]
[20.33]
[25.34]
[24.4]
[22.06]
[16.24]
[0.91]
[101.93]
[340.72]
[9.22]
[30.04]
[15.6]
[13.34]
[19.68]
[39.25]
[26.17]
[13.94]
[27.59]
[22.38]
[69.69]
[24.24]
[2.23]
[36.48]
[10.04]
[17.36]
[7.71]
[19.59]
[233.93]
[17.37]
[9.65]
[10.77]
[101.93]
[14.22]
[19.84]
[16.44]
[25.49]
[16.04]
[9.74]
[18.51]
[9.68]
[13.3]
[23.01]
[21.13]
[15.98]
[18.35]
[15.45]
[21.81]
[8.96]
[13.05]
[17.52]
[22.41]
[14.54]
[16.7]
[10.87]
[14.42]
[15.52]
[101.93]
[18.55]
[25.87]
[43.12]
[19.39]
[14.37]
[10.3]
[20.49]
[30.88]
[9.01]
[19.2]
[14.96]
[14.12]
[13.69]
[22.02]
[11.81]
[18.57]
[19.7]
[8.04]
[21.86]
[13.19]
[8.0]
[17.8]
[19.4]
[3.8]
[3.79]
[17.22]
[349.73]
[29.69]
[16.4]
[17.25]
[10.69]
[9.22]
[17.78]
[1.77]
[29.0]
[31.82]
[13.13]
[19.97]
[16.84]
[17.89]
[16.09]
[19.06]
[24.52]
[233.93]
[172.55]
[18.01]
[24.66]
[13.39]
[99.23]
[16.69]
[16.98]
[6.02]
[10.34]
[27.12]
[10.69]
[20.42]
[351.25]
[17.46]
[22.15]
[19.28]
[18.4]
[22.14]
[21.48]
[25.29]
[14.51]
[5.29]
[21.85]
[21.82]
[19.17]
[6.83]
[10.49]
[14.86]
[19.97]
[16.28]
[18.13]
[24.62]
[22.28]
[16.01]
[18.93]
[12.31]
[16.88]
[337.29]
[13.92]
[17.75]
[26.77]
[14.64]
[21.42]
[15.87]
[15.5]
[3.79]
[30.12]
[18.8]
[18.75]
[351.25]
[18.52]
[358.86]
[55.4]
[8.57]
[346.27]
[22.94]
[359.24]
[24.4]
[15.11]
[6.43]
[348.78]
[23.05]
[10.73]
[28.54]
[3.25]
[359.63]
[15.04]
[28.58]
[14.41]
[11.12]
[21.46]
[350.96]
[9.07]
[18.22]
[3.17]
[12.08]
[354.4]
[18.23]
[28.55]
[3.73]
[26.62]
[18.82]
[27.09]
[4.99]
[18.99]
[26.42]
[15.6]
[26.25]
[12.29]
[356.75]
[99.3]
[20.42]
[214.17]
[19.48]
[90.0]
[10.96]
[25.55]
[11.61]
[9.23]
[28.09]
[20.0]
[22.05]
[22.56]
[16.27]
[13.92]
[22.16]
[13.75]
[18.34]
[12.4]
[99.23]
[25.88]
[12.68]
[11.17]
[12.49]
[15.53]
[18.12]
[15.48]
[20.71]
[351.33]
[16.44]
[25.34]
[15.1]
[10.55]
[20.69]
[3.8]
[18.75]
[14.06]
[18.76]
[17.45]
[27.15]
[7.07]
[26.5]
[19.04]
[13.0]
[22.03]
[358.86]
[15.03]
[347.21]
[26.87]
[23.48]
[13.81]
[14.67]
[19.18]
[17.92]
[22.88]
[35.54]
[180.0]
[19.36]
[15.39]
[214.17]
[9.81]
[19.23]
[22.65]
[20.88]
[15.17]
[13.46]
[19.54]
[21.14]
[13.51]
[14.87]
[19.34]
[15.62]
[8.3]
[22.95]
[15.3]
[17.66]
[19.44]
[14.39]
[17.4]
[21.06]
[18.35]
[16.7]
[17.32]
[19.17]
[20.15]
[16.31]
[11.39]
[13.49]
[22.68]
[10.99]
[15.09]
[20.64]
[16.08]
[19.91]
[20.79]
[8.77]
[23.29]
[19.97]
[21.91]
[23.91]
[8.76]
[27.8]
[18.46]
[10.35]
[14.12]
[7.71]
[8.43]
[19.21]
[20.21]
[22.42]
[13.47]
[24.0]
[2.82]
[8.84]
[25.91]
[8.72]
[19.33]
[12.31]
[22.17]
[8.17]
[6.43]
[107.9]
[14.79]
[27.2]
[177.1]
[7.59]
[15.43]
[18.59]
[26.14]
[23.9]
[23.19]
[18.05]
[8.73]
[24.42]
[25.88]
[18.43]
[12.92]
[359.0]
[10.98]
[17.88]
[14.98]
[38.68]
[10.64]
[8.11]
[15.25]
[10.76]
[16.19]
[8.77]
[18.71]
[25.72]
[18.35]
[20.23]
[18.81]
[16.22]
[11.72]
[27.83]
[17.01]
[5.62]
[26.41]
[20.55]
[14.03]
[20.11]
[14.64]
[12.35]
[10.87]
[359.35]
[28.06]
[358.3]
[14.64]
[90.0]
[354.83]
[99.3]
[9.73]
[19.07]
[12.71]
[16.67]
[16.33]
[15.71]
[28.89]
[20.05]
[18.82]
[13.36]
[22.21]
[22.8]
[20.91]
[21.5]
[14.82]
[12.96]
[13.36]
[20.57]
[11.53]
[2.86]
[10.11]
[27.54]
[9.58]
[25.36]
[19.18]
[17.4]
[12.45]
[17.61]
[22.87]
[9.67]
[20.95]
[16.79]
[29.72]
[21.02]
[24.1]
[33.51]
[1.77]
[29.17]
[11.13]
[19.86]
[233.93]
[15.9]
[18.03]
[18.43]
[28.94]
[9.02]
[338.32]
[13.22]
[27.19]
[10.88]
[20.28]
[4.39]
[19.07]
[7.83]
[16.87]
[13.81]
[19.92]
[21.91]
[17.89]
[22.88]
[14.39]
[8.16]
[17.65]
[25.84]
[14.66]
[14.85]
[20.65]
[18.89]
[23.32]
[21.37]
[17.49]
[12.97]
[17.24]
[20.08]
[16.83]
[19.06]