[285.52]
[286.49]
[288.08]
[286.97]
[274.02]
[289.8]
[271.06]
[285.12]
[289.54]
[293.48]
[287.16]
[287.27]
[284.25]
[296.2]
[292.7]
[287.85]
[250.3]
[286.92]
[288.49]
[282.73]
[285.9]
[287.82]
[291.29]
[287.4]
[290.33]
[0.0]
[297.18]
[346.29]
[289.54]
[286.15]
[283.77]
[285.21]
[279.75]
[276.58]
[282.47]
[293.48]
[292.2]
[287.85]
[288.0]
[285.35]
[280.05]
[295.89]
[301.67]
[284.56]
[287.47]
[291.28]
[285.93]
[286.04]
[288.02]
[268.16]
[283.72]
[278.42]
[301.59]
[288.67]
[287.04]
[271.48]
[268.41]
[285.37]
[291.34]
[294.57]
[290.5]
[288.07]
[253.32]
[286.74]
[292.63]
[280.77]
[285.76]
[286.19]
[281.86]
[286.03]
[263.82]
[292.21]
[282.35]
[287.09]
[280.92]
[287.43]
[282.95]
[291.22]
[289.33]
[289.27]
[288.83]
[294.57]
[288.38]
[282.02]
[290.68]
[290.8]
[291.09]
[287.51]
[277.98]
[296.18]
[295.11]
[281.18]
[291.92]
[287.0]
[288.57]
[290.44]
[286.25]
[286.85]
[283.96]
[289.13]
[285.88]
[294.07]
[288.1]
[286.64]
[290.9]
[289.93]
[294.28]
[285.18]
[290.49]
[288.24]
[291.23]
[282.16]
[290.51]
[285.52]
[286.91]
[294.41]
[290.07]
[291.46]
[294.38]
[289.48]
[288.13]
[291.74]
[288.58]
[314.12]
[289.53]
[286.79]
[283.86]
[5.19]
[292.35]
[332.93]
[293.29]
[284.9]
[282.12]
[260.95]
[282.19]
[284.94]
[291.11]
[297.49]
[308.95]
[296.47]
[301.18]
[276.77]
[271.43]
[288.21]
[289.7]
[281.86]
[275.25]
[284.68]
[290.11]
[283.51]
[281.81]
[297.54]
[12.81]
[287.71]
[291.36]
[283.19]
[281.04]
[284.67]
[280.43]
[287.47]
[285.69]
[288.7]
[289.47]
[292.52]
[281.14]
[287.74]
[272.75]
[274.22]
[282.88]
[286.83]
[289.35]
[271.24]
[275.4]
[288.59]
[294.41]
[286.77]
[291.8]
[285.47]
[280.25]
[289.24]
[291.65]
[297.57]
[283.26]
[286.5]
[0.0]
[283.05]
[290.7]
[290.76]
[298.94]
[288.11]
[288.77]
[284.95]
[273.11]
[291.61]
[286.25]
[281.67]
[284.19]
[280.52]
[293.65]
[272.21]
[292.68]
[333.49]
[285.25]
[288.61]
[284.47]
[285.07]
[295.01]
[298.04]
[285.62]
[294.18]
[287.8]
[284.52]
[281.73]
[291.58]
[290.98]
[285.11]
[262.61]
[282.66]
[290.28]
[295.79]
[287.68]
[281.65]
[271.58]
[326.2]
[276.42]
[290.38]
[291.26]
[290.81]
[288.56]
[290.1]
[286.02]
[275.26]
[284.3]
[286.87]
[288.92]
[287.67]
[287.84]
[283.11]
[273.75]
[284.81]
[284.71]
[280.43]
[282.83]
[280.34]
[282.34]
[279.25]
[292.39]
[284.04]
[294.45]
[289.41]
[286.36]
[292.59]
[290.26]
[288.99]
[287.57]
[281.15]
[277.43]
[292.87]
[286.86]
[283.75]
[351.95]
[283.16]
[280.78]
[290.19]
[286.66]
[278.93]
[292.92]
[289.81]
[290.92]
[286.95]
[278.12]
[284.67]
[291.82]
[279.91]
[288.96]
[290.62]
[294.4]
[285.5]
[286.39]
[286.69]
[279.95]
[303.51]
[302.67]
[281.26]
[201.3]
[292.11]
[293.75]
[288.41]
[286.14]
[281.51]
[292.88]
[286.99]
[284.55]
[283.99]
[280.11]
[299.27]
[293.63]
[291.67]
[312.62]
[297.05]
[286.88]
[287.17]
[282.56]
[291.42]
[291.88]
[285.02]
[286.76]
[280.37]
[278.3]
[282.8]
[284.1]
[282.1]
[292.59]
[293.38]
[294.48]
[298.12]
[312.62]
[284.73]
[283.64]
[297.37]
[289.47]
[289.7]
[286.43]
[293.29]
[282.6]
[288.17]
[290.92]
[287.43]
[281.96]
[287.13]
[290.77]
[284.38]
[290.16]
[288.56]
[291.42]
[290.3]
[286.09]
[272.61]
[271.25]
[285.6]
[289.31]
[288.03]
[277.04]
[278.16]
[287.47]
[287.77]
[283.1]
[280.65]
[285.56]
[286.65]
[297.88]
[292.5]
[291.01]
[280.67]
[293.83]
[286.82]
[296.8]
[279.7]
[285.5]
[296.87]
[284.71]
[285.57]
[282.85]
[280.66]
[291.88]
[278.42]
[285.21]
[290.83]
[287.07]
[288.73]
[272.5]
[284.44]
[288.67]
[277.83]
[291.42]
[283.8]
[285.27]
[284.09]
[279.25]
[287.15]
[286.69]
[283.13]
[287.89]
[291.29]
[288.12]
[285.29]
[280.8]
[281.66]
[288.37]
[290.37]
[286.4]
[287.93]
[295.3]
[280.64]
[284.55]
[299.04]
[283.37]
[290.09]
[288.19]
[289.72]
[290.11]
[292.82]
[293.16]
[290.22]
[286.84]
[286.95]
[290.37]
[283.57]
[294.63]
[280.42]
[290.79]
[287.77]
[282.58]
[289.29]
[293.82]
[291.84]
[283.39]
[275.7]
[281.32]
[291.17]
[284.01]
[290.6]
[278.94]
[284.02]
[267.25]
[282.02]
[292.57]
[286.88]
[290.4]
[283.04]
[286.93]
[280.65]
[293.25]
[280.0]
[289.74]
[288.67]
[290.75]
[261.92]
[283.67]
[288.51]
[298.91]
[287.23]
[291.76]
[293.56]
[289.43]
[288.0]
[293.75]
[282.76]
[282.91]
[282.56]
[277.9]
[276.54]
[283.74]
[282.35]
[288.71]
[278.24]
[288.97]
[290.8]
[288.23]
[295.09]
[287.77]
[295.33]
[287.7]
[267.02]
[286.64]
[283.07]
[283.93]
[294.35]
[292.06]
[289.89]
[291.53]
[286.32]
[290.74]
[288.51]
[282.87]
[282.71]
[299.09]
[286.29]
[288.14]
[294.9]
[284.27]
[289.96]
[289.0]
[288.16]
[273.06]
[286.96]
[288.68]
[312.33]
[289.75]
[286.65]
[288.81]
[301.77]
[290.94]
[337.34]
[293.29]
[288.45]
[291.12]
[280.9]
[285.27]
[296.44]
[292.05]
[280.45]
[270.07]
[285.14]
[278.61]
[289.21]
[328.06]
[288.2]
[295.07]
[286.18]
[288.94]
[271.53]
[280.64]
[283.53]
[265.94]
[285.84]
[5.19]
[291.6]
[287.32]
[274.89]
[284.91]
[284.18]
[288.27]
[288.95]
[289.09]
[283.23]
[290.31]
[296.61]
[275.71]
[272.65]
[286.24]
[290.72]
[284.21]
[288.94]
[286.03]
[288.23]
[291.0]
[291.09]
[277.63]
[282.46]
[296.5]
[290.87]
[279.62]
[297.21]
[286.29]
[342.7]
[285.18]
[289.58]
[287.84]
[291.39]
[271.03]
[287.95]
[287.29]
[286.02]
[286.41]
[295.36]
[292.35]
[280.59]
[294.26]
[277.59]
[285.95]
[0.0]
[285.75]
[287.36]
[284.39]
[281.66]
[293.67]
[278.23]
[286.91]
[283.94]
[283.2]
[288.16]
[293.59]
[279.23]
[281.32]
[282.91]
[290.88]
[165.97]
[302.18]
[309.92]
[304.47]
[289.99]
[286.56]
[290.58]
[293.59]
[286.84]
[284.13]
[287.8]
[288.09]
[274.62]
[288.98]
[291.07]
[282.71]
[284.45]
[293.87]
[290.8]
[282.42]
[288.03]
[289.36]
[286.15]
[291.58]
[288.46]
[293.13]
[286.97]
[290.16]
[290.97]
[282.18]
[282.36]
[290.04]
[284.66]
[301.4]
[282.06]
[298.55]
[284.73]
[284.74]
[294.7]
[286.57]
[291.98]
[287.33]
[286.74]
[280.29]
[284.44]
[287.98]
[283.51]
[288.25]
[283.57]
[286.78]
[285.26]
[290.58]
[274.78]
[288.38]
[292.39]
[281.89]
[282.69]
[286.23]
[284.66]
[288.82]
[274.02]
[278.46]
[283.45]
[291.17]
[289.32]
[286.55]
[290.8]
[289.57]
[288.52]
[285.28]
[280.92]
[278.42]
[297.1]
[294.1]
[346.29]
[279.84]
[289.46]
[291.65]
[291.83]
[273.57]
[285.15]
[287.53]
[285.22]
[285.81]
[294.51]
[284.68]
[275.59]
[272.28]
[287.41]
[287.93]
[291.87]
[288.81]
[297.4]
[275.07]
[296.36]
[292.05]
[297.94]
[289.98]
[293.32]
[292.65]
[269.69]
[267.37]
[297.11]
[292.7]
[288.05]
[290.19]
[285.35]
[287.38]
[287.28]
[292.36]
[284.36]
[282.74]
[286.48]
[284.14]
[277.29]
[281.2]
[292.48]
[12.81]
[274.21]
[284.23]
[287.11]
[267.05]
[283.24]
[290.27]
[284.6]
[278.54]
[295.31]
[289.51]
[286.9]
[274.03]
[278.37]
[289.31]
[291.77]
[293.01]
[274.68]
[281.68]
[290.0]
[288.08]
[282.18]
[290.55]
[287.0]
[346.29]
[254.98]
[287.05]
[295.22]
[290.29]
[287.52]
[294.47]
[294.86]
[288.33]
[292.84]
[340.43]
[283.22]
[290.69]
[289.82]
[288.12]
[290.96]
[281.2]
[298.26]
[283.62]
[291.61]
[296.63]
[290.74]
[284.72]
[301.03]
[282.25]
[287.44]
[290.84]
[289.13]
[292.17]
[292.74]
[293.64]
[288.12]
[291.7]
[288.11]
[287.0]
[290.84]
[282.62]
[296.15]
[294.35]
[275.94]
[280.37]
[283.08]
[298.5]
[286.45]
[284.9]
[286.38]
[286.34]
[290.13]
[285.18]
[286.62]
[295.52]
[281.8]
[288.19]
[293.83]
[283.89]
[276.84]
[312.52]
[280.97]
[280.55]
[289.97]
[293.96]
[287.68]
[285.02]
[283.08]
[296.85]
[273.5]
[287.81]
[272.52]
[290.07]
[282.79]
[288.74]
[285.8]
[291.96]
[282.49]
[298.2]
[299.82]
[300.42]
[293.42]
[286.76]
[293.72]
[288.81]
[289.38]
[292.72]
[292.49]
[294.15]
[290.34]
[296.95]
[292.83]
[268.51]
[287.45]
[289.46]
[275.41]
[271.24]
[300.23]
[294.16]
[279.15]
[287.74]
[292.66]
[285.56]
[286.22]
[293.96]
[278.13]
[299.95]
[288.48]
[298.0]
[277.67]
[258.02]
[291.46]
[285.51]
[281.78]
[281.17]
[296.74]
[289.0]
[284.36]
[290.06]
[284.99]
[287.33]
[299.43]
[283.82]
[297.99]
[296.97]
[287.18]
[295.64]
[284.63]
[295.47]
[290.42]
[279.83]
[288.43]
[283.39]
[287.03]
[284.61]
[278.44]
[268.62]
[288.36]
[296.79]
[294.05]
[278.56]
[282.62]
[286.66]
[279.2]
[290.66]
[272.18]
[289.36]
[292.23]
[258.02]
[288.7]
[278.7]
[286.06]
[289.93]
[312.68]
[281.89]
[280.22]
[286.97]
[288.59]
[284.86]
[280.66]
[287.75]
[292.71]
[287.24]
[290.56]
[284.96]
[286.41]
[284.06]
[283.51]
[288.16]
[274.78]
[260.67]
[281.33]
[284.88]
[270.66]
[286.54]
[289.26]
[279.53]
[287.65]
[280.19]
[281.9]
[291.22]
[280.58]
[285.26]
[285.36]
[299.48]
[290.26]
[283.82]
[293.0]
[290.74]
[282.9]
[282.14]
[301.66]
[19.27]
[285.46]
[278.99]
[290.67]
[295.34]
[294.48]
[283.7]
[294.25]
[290.01]
[298.48]
[276.4]
[298.23]
[289.22]
[290.97]
[289.46]
[19.27]
[165.97]
[289.96]
[310.88]
[286.18]
[303.72]
[284.9]
[272.45]
[287.33]
[281.94]
[286.67]
[290.39]
[287.84]
[301.59]
[280.28]
[291.55]
[284.77]
[274.77]
[286.75]
[295.28]
[302.9]
[280.61]
[280.56]
[0.0]
[342.7]
[274.41]
[281.8]
[340.43]
[285.58]
[291.39]
[294.19]
[290.69]
[291.73]
[278.3]
[283.0]
[288.07]
[286.5]
[284.11]
[286.46]
[283.57]
[290.29]
[264.12]
[299.58]
[305.41]
[281.32]
[289.96]
[288.46]
[286.15]
[284.84]
[286.28]
[284.88]
[288.54]
[282.98]
[289.32]
[291.64]
[291.52]
[286.64]
[292.92]
[282.04]
[291.69]
[289.83]
[292.15]
[287.11]
[288.92]
[289.76]
[291.63]
[282.66]
[282.19]
[286.18]
[284.9]
[289.28]
[286.18]
[281.72]
[290.02]
[295.18]
[286.36]
[288.08]
[351.95]
[279.19]
[328.32]
[292.33]
[290.99]
[284.19]
[286.98]
[285.7]
[277.12]
[280.35]
[280.13]
[285.77]
[285.48]
[287.39]
[293.15]
[275.51]
[290.31]
[284.92]
[292.74]
[288.68]
[286.84]
[291.63]
[283.15]
[290.55]
[291.21]
[284.13]
[288.97]
[299.06]
[262.32]
[286.62]
[289.25]
[290.02]
[291.56]
[287.53]
[286.07]
[282.87]
[307.48]
[290.93]
[279.41]
[19.27]
[299.62]
[201.3]
[285.06]
[290.55]
[289.53]
[282.56]
[216.97]
[286.69]
[285.08]
[282.59]
[289.76]
[288.07]
[284.19]
[292.51]
[287.59]
[285.98]
[288.87]
[287.74]
[280.72]
[289.17]
[292.01]
[310.65]
[272.67]
[295.2]
[280.47]
[287.72]
[286.52]
[289.9]
[5.19]
[280.79]
[283.55]
[299.83]
[280.02]
[294.22]
[291.63]
[291.89]
[288.43]
[285.63]
[290.75]
[351.95]
[288.8]
[250.3]
[287.02]
[328.32]
[285.36]
[277.95]
[287.19]
[290.08]
[285.71]
[288.11]
[267.93]
[281.86]
[297.36]
[291.7]
[290.15]
[285.48]
[275.79]
[274.97]
[289.75]
[290.61]
[284.23]
[291.76]
[289.21]
[288.51]
[276.34]
[296.0]
[284.23]
[284.49]
[271.51]
[292.54]
[280.3]
[293.09]
[297.8]
[288.31]
[287.17]
[282.7]
[294.21]
[285.89]
[292.8]
[294.81]
[288.43]
[281.54]
[291.2]
[285.97]
[285.38]
[290.45]
[290.5]
[286.68]
[292.83]
[279.33]
[284.69]
[284.27]
[283.73]
[285.74]
[285.71]
[279.41]
[288.75]
[283.92]
[292.3]
[294.3]
[280.95]
[291.62]
[289.19]
[288.89]
[283.68]
[287.72]
[289.32]
[290.08]
[285.17]
[290.15]
[285.11]
[288.62]
[283.63]
[294.58]
[283.55]
[290.29]
[284.84]
[295.42]
[285.56]
[280.96]
[289.46]
[288.72]
[278.65]
[288.09]
[279.14]
[280.57]
[284.85]
[292.21]
[291.2]
[283.62]
[286.98]
[265.56]
[279.66]
[282.42]
[288.85]
[272.65]
[289.0]
[283.44]
[289.77]
[276.82]
[294.87]
[314.12]
[307.7]
[285.51]
[288.97]
[253.32]
[273.63]
[286.66]
[275.63]
[290.75]
[287.08]
[289.53]
[287.66]
[289.95]
[290.68]
[288.58]
[299.25]
[291.28]
[284.7]
[281.24]
[258.02]
[286.45]
[288.53]
[284.52]
[284.26]
[284.69]
[297.24]
[295.98]
[297.34]
[288.91]
[287.09]
[288.41]
[293.6]
[287.68]
[289.01]
[267.6]
[286.16]
[288.42]
[286.57]
[279.88]
[287.38]
[276.11]
[291.25]
[288.28]
[278.49]
[290.74]
[288.29]
[267.59]
[289.24]
[12.81]
[289.99]
[295.07]
[289.01]
[290.57]
[285.05]
[274.27]
[288.7]
[281.08]
[288.2]
[282.61]
[290.68]
[286.19]
[286.17]
[288.84]
[282.23]
[272.45]
[288.96]
[281.81]
[281.82]
[340.43]
[284.11]
[287.31]
[295.35]
[288.93]
[295.09]
[266.65]
[283.42]
[286.22]
[283.68]
[285.8]
[312.17]
[277.57]
[285.96]
[286.42]
[289.4]
[289.13]
[281.7]
[284.52]
[284.44]
[289.07]
[266.65]
[287.85]
[288.65]
[281.83]
[284.44]
[284.33]
[288.54]
[291.35]
[293.49]
[290.7]
[288.19]
[290.28]
[286.79]
[281.66]
[280.74]
[0.0]
[294.51]
[288.5]
[286.79]
[283.68]
[285.69]
[288.0]
[281.93]
[288.17]
[292.21]
[287.1]
[291.71]
[287.04]
[282.82]
[291.95]
[288.77]
[291.63]
[287.48]
[286.19]
[290.73]
[284.22]
[291.33]
[291.81]
[290.1]
[274.43]
[285.84]
[291.51]
[289.6]
[300.23]
[291.91]
[291.06]
[283.64]
[285.4]
[285.09]
[288.44]
[281.84]
[283.09]
[278.62]
[299.34]
[300.22]
[282.04]
[286.39]
[287.57]
[290.11]
[292.19]
[285.68]
[293.8]
[287.55]
[272.67]
[0.0]
[287.08]
[326.1]
[282.25]
[288.5]
[272.99]
[279.32]
[289.26]
[287.56]
[284.99]
[289.48]
[280.17]
[287.65]
[285.71]
[286.64]
[279.05]
[288.92]
[287.77]
[292.68]
[281.11]
[291.01]
[280.56]
[328.32]
[291.99]
[337.34]
[283.13]
[287.55]
[289.56]
[287.18]
[287.14]
[284.63]
[269.99]
[289.71]
[284.64]
[288.41]
[283.37]
[293.38]
[286.07]
[328.32]
[286.73]
[260.48]
[312.17]
[289.78]
[294.97]
[285.59]
[292.63]
[294.93]
[297.14]
[291.89]
[290.24]
[282.41]
[286.8]
[286.92]
[289.39]
[293.55]
[285.05]
[290.19]
[288.22]
[284.3]
[286.54]
[290.42]
[283.89]
[292.83]
[287.87]
[340.43]
[289.07]
[281.69]
[289.85]
[288.13]
[289.34]
[12.81]
[281.69]
[291.98]
[284.63]
[288.73]
[284.54]
[291.11]
[283.61]
[292.75]
[305.22]
[286.66]
[281.86]
[296.86]
[282.52]
[288.54]
[290.81]
[284.19]
[281.2]
[284.04]
[287.96]
[262.51]
[276.3]
[276.01]
[279.44]
[294.41]
[288.21]
[287.38]
[291.77]
[289.47]
[288.73]
[290.72]
[293.24]
[288.74]
[285.36]
[290.8]
[286.83]
[292.44]
[286.5]
[287.72]
[290.37]
[287.02]
[284.87]
[284.57]
[285.98]
[298.41]
[288.13]
[294.08]
[279.4]
[284.29]
[291.28]
[287.58]
[293.97]
[283.84]
[280.62]
[292.11]
[283.91]
[278.06]
[281.6]
[288.42]
[306.06]
[287.44]
[293.84]
[283.71]
[291.84]
[281.91]
[293.54]
[295.87]
[289.64]
[287.4]
[292.76]
[288.27]
[293.2]
[290.77]
[279.83]
[286.77]
[284.5]
[303.08]
[288.45]
[289.76]
[293.04]
[276.27]
[287.38]
[284.73]
[292.78]
[282.48]
[285.06]
[290.08]
[272.48]
[276.84]
[293.45]
[297.92]
[283.21]
[283.49]
[304.05]
[274.36]
[275.02]
[282.2]
[295.64]
[284.32]
[287.74]
[292.96]
[276.91]
[290.67]
[293.61]
[296.79]
[293.88]
[282.74]
[286.51]
[337.34]
[289.6]
[282.11]
[289.03]
[295.27]
[293.33]
[283.76]
[290.35]
[289.93]
[275.75]
[201.3]
[279.62]
[282.83]
[298.11]
[293.01]
[294.11]
[291.93]
[285.46]
[274.64]
[278.59]
[287.75]
[285.62]
[292.88]
[288.09]
[288.37]
[288.24]
[292.44]
[287.58]
[291.29]
[282.2]
[293.53]
[292.8]
[282.35]
[287.38]
[281.92]
[292.01]
[292.1]
[346.29]
[288.06]
[300.89]
[283.46]
[291.73]
[279.36]
[278.89]
[281.52]
[294.58]
[285.38]
[283.79]
[298.29]
[288.12]
[284.76]
[280.17]
[296.56]
[278.56]
[285.98]
[293.24]
[282.56]
[281.4]
[282.59]
[289.44]
[282.18]
[290.22]
[287.6]
[295.79]
[283.26]
[284.62]
[282.89]
[292.43]
[288.04]
[291.0]
[286.95]
[269.09]
[294.8]
[288.47]
[286.78]
[280.59]
[284.18]
[283.37]
[291.69]
[290.78]
[291.64]
[285.14]
[280.1]
[291.35]
[286.57]
[273.86]
[287.93]
[275.97]
[290.26]
[296.47]
[288.59]
[283.13]
[291.46]
[287.31]
[292.43]
[290.11]
[278.03]
[287.57]
[286.3]
[284.81]
[279.06]
[287.99]
[284.58]
[290.36]
[280.22]
[290.2]
[293.84]
[299.04]
[265.52]
[287.92]
[284.49]
[290.35]
[285.89]
[332.93]
[288.82]
[288.39]
[282.97]
[283.94]
[290.45]
[289.07]
[286.35]
[287.58]
[293.94]
[294.5]
[273.73]
[287.12]
[289.91]
[304.8]
[270.67]
[280.05]
[290.52]
[305.03]
[281.64]
[285.54]
[306.49]
[292.68]
[285.45]
[290.1]
[293.68]
[284.64]
[287.47]
[279.56]
[281.23]
[292.43]
[291.54]
[296.23]
[289.74]
[293.96]
[306.75]
[359.64]
[293.55]
[280.21]
[301.44]
[327.58]
[290.43]
[283.76]
[282.72]
[288.75]
[307.97]
[283.79]
[280.07]
[273.01]
[285.83]
[330.23]
[280.56]
[285.25]
[288.5]
[291.65]
[290.13]
[288.03]
[290.8]
[290.09]
[285.76]
[283.06]
[327.02]
[288.23]
[285.57]
[282.2]
[285.79]
[294.65]
[288.29]
[284.89]
[286.49]
[290.52]
[280.53]
[289.96]
[302.1]
[253.02]
[284.92]
[330.04]
[288.71]
[282.4]
[274.22]
[277.84]
[286.54]
[295.68]
[282.42]
[289.96]
[286.47]
[292.3]
[289.07]
[286.96]
[290.91]
[288.01]
[291.18]
[289.28]
[290.02]
[280.86]
[290.68]
[291.61]
[303.78]
[292.44]
[291.78]
[295.03]
[288.56]
[293.0]
[288.34]
[296.77]
[295.81]
[287.0]
[292.54]
[297.38]
[286.33]
[281.51]
[267.94]
[298.61]
[282.51]
[281.48]
[289.63]
[292.24]
[287.29]
[287.28]
[287.06]
[274.68]
[288.43]
[286.63]
[295.85]
[280.06]
[291.69]
[281.55]
[296.33]
[292.91]
[289.36]
[289.18]
[264.08]
[287.8]
[300.97]
[286.22]
[295.74]
[304.22]
[285.29]
[293.33]
[290.23]
[289.94]
[278.4]
[276.29]
[319.9]
[284.84]
[288.43]
[279.46]
[285.33]
[272.13]
[279.29]
[344.22]
[281.09]
[282.27]
[303.06]
[276.72]
[276.54]
[288.14]
[288.08]
[285.46]
[288.79]
[280.83]
[285.87]
[288.72]
[286.95]
[293.05]
[201.91]
[297.05]
[290.89]
[285.87]
[291.42]
[283.52]
[291.98]
[279.09]
[300.25]
[289.49]
[296.48]
[282.72]
[293.4]
[285.26]
[281.56]
[281.2]
[279.13]
[275.12]
[302.85]
[290.35]
[285.75]
[287.63]
[275.02]
[269.97]
[331.49]
[275.93]
[278.59]
[278.13]
[336.25]
[289.96]
[288.8]
[279.83]
[287.16]
[296.52]
[291.87]
[347.81]
[281.81]
[287.21]
[285.64]
[298.7]
[284.9]
[281.01]
[293.85]
[280.8]
[284.76]
[261.5]
[288.57]
[301.33]
[287.49]
[289.49]
[289.93]
[280.01]
[279.29]
[293.85]
[318.33]
[297.34]
[294.66]
[281.95]
[282.97]
[290.39]
[279.99]
[307.33]
[279.74]
[284.38]
[292.01]
[288.73]
[289.1]
[290.81]
[283.82]
[292.76]
[294.55]
[289.74]
[292.04]
[286.7]
[288.0]
[294.79]
[275.53]
[294.89]
[283.12]
[293.64]
[231.87]
[266.52]
[270.39]
[285.03]
[284.31]
[289.57]
[279.28]
[295.59]
[291.3]
[293.99]
[286.13]
[267.46]
[288.18]
[289.49]
[320.2]
[284.45]
[290.32]
[291.98]
[285.64]
[286.04]
[274.74]
[293.88]
[291.59]
[288.68]
[291.42]
[296.81]
[291.02]
[285.29]
[276.27]
[283.27]
[262.4]
[267.58]
[280.06]
[286.19]
[292.68]
[291.73]
[289.0]
[300.54]
[289.43]
[289.65]
[293.48]
[290.29]
[272.29]
[284.5]
[288.69]
[21.37]
[278.86]
[289.48]
[281.68]
[291.94]
[282.3]
[279.87]
[293.77]
[291.56]
[283.65]
[263.3]
[277.04]
[280.37]
[299.43]
[294.38]
[262.51]
[300.64]
[290.27]
[288.82]
[297.36]
[290.74]
[251.88]
[272.47]
[289.75]
[288.28]
[291.15]
[300.3]
[288.69]
[292.17]
[291.12]
[292.1]
[284.31]
[284.14]
[288.94]
[262.4]
[290.41]
[289.61]
[290.06]
[282.14]
[287.66]
[278.09]
[288.44]
[285.0]
[295.35]
[288.84]
[286.14]
[287.45]
[289.73]
[292.67]
[285.49]
[287.95]
[276.62]
[287.37]
[285.44]
[290.1]
[282.29]
[290.1]
[305.77]
[288.14]
[5.44]
[287.53]
[290.39]
[286.16]
[293.83]
[294.83]
[286.35]
[274.5]
[289.31]
[281.67]
[292.29]
[309.54]
[293.15]
[287.04]
[293.18]
[290.48]
[291.61]
[278.88]
[292.78]
[288.12]
[295.22]
[280.08]
[278.77]
[299.18]
[281.55]
[284.27]
[293.65]
[246.89]
[292.27]
[289.19]
[281.14]
[295.36]
[292.54]
[288.37]
[295.13]
[283.43]
[287.33]
[5.44]
[274.57]
[288.42]
[289.57]
[273.31]
[276.03]
[307.75]
[287.22]
[270.39]
[295.11]
[285.36]
[267.28]
[290.27]
[284.45]
[297.32]
[295.63]
[277.89]
[289.13]
[271.59]
[290.92]
[297.59]
[284.9]
[267.39]
[297.46]
[288.32]
[288.83]
[291.03]
[289.16]
[285.13]
[285.61]
[341.28]
[279.62]
[284.05]
[326.53]
[291.07]
[291.39]
[290.42]
[275.31]
[289.3]
[288.69]
[276.26]
[291.87]
[311.74]
[290.37]
[282.5]
[286.76]
[308.8]
[294.74]
[294.25]
[280.64]
[289.8]
[284.7]
[284.9]
[289.61]
[257.78]
[276.35]
[285.39]
[287.88]
[293.4]
[284.17]
[275.64]
[289.15]
[278.03]
[285.22]
[295.11]
[270.89]
[285.1]
[249.48]
[302.51]
[284.81]
[281.97]
[291.57]
[288.37]
[281.46]
[297.01]
[290.14]
[275.6]
[294.0]
[286.78]
[282.2]
[229.35]
[290.87]
[300.18]
[278.24]
[288.18]
[279.77]
[290.05]
[286.04]
[296.9]
[294.11]
[282.9]
[287.71]
[270.97]
[286.71]
[286.66]
[294.07]
[287.82]
[279.27]
[284.31]
[288.34]
[284.47]
[303.35]
[281.43]
[288.92]
[288.57]
[275.42]
[299.85]
[298.48]
[276.89]
[291.12]
[284.36]
[272.74]
[275.12]
[299.73]
[307.63]
[286.37]
[292.71]
[279.77]
[276.81]
[284.23]
[292.75]
[286.03]
[253.38]
[286.11]
[293.27]
[293.6]
[285.82]
[288.28]
[292.47]
[292.74]
[272.99]
[298.71]
[299.66]
[237.67]
[280.84]
[279.06]
[291.13]
[289.25]
[287.21]
[290.88]
[288.65]
[287.74]
[285.69]
[295.67]
[294.3]
[301.56]
[283.6]
[291.15]
[286.54]
[279.43]
[298.06]
[274.77]
[297.38]
[283.32]
[297.41]
[286.16]
[272.01]
[282.27]
[276.81]
[267.62]
[287.63]
[277.08]
[270.4]
[289.4]
[294.34]
[295.6]
[294.26]
[277.61]
[290.26]
[291.64]
[290.8]
[292.55]
[280.46]
[288.66]
[283.83]
[281.26]
[283.29]
[285.88]
[292.89]
[290.85]
[288.54]
[263.49]
[282.29]
[281.0]
[284.14]
[292.8]
[292.72]
[286.18]
[283.67]
[285.72]
[288.44]
[282.43]
[275.67]
[280.99]
[280.19]
[280.35]
[284.24]
[277.99]
[287.26]
[281.8]
[283.39]
[284.06]
[289.98]
[294.76]
[302.55]
[296.6]
[311.52]
[282.16]
[287.9]
[293.43]
[292.16]
[280.06]
[291.03]
[289.36]
[287.05]
[288.54]
[291.67]
[286.56]
[288.31]
[279.81]
[285.78]
[291.87]
[291.4]
[299.75]
[288.83]
[280.74]
[284.04]
[281.66]
[296.01]
[296.09]
[262.96]
[291.29]
[288.3]
[284.74]
[294.45]
[288.79]
[280.32]
[298.38]
[293.1]
[272.98]
[282.71]
[289.78]
[306.56]
[282.17]
[252.99]
[275.9]
[268.28]
[284.11]
[280.22]
[295.28]
[251.16]
[289.57]
[304.02]
[288.49]
[290.92]
[281.62]
[281.26]
[264.57]
[280.63]
[283.28]
[291.5]
[281.63]
[281.51]
[275.51]
[257.61]
[289.32]
[288.5]
[257.8]
[297.8]
[283.45]
[294.22]
[300.94]
[296.69]
[280.55]
[283.15]
[287.83]
[286.07]
[290.81]
[290.43]
[274.59]
[288.46]
[290.93]
[290.38]
[284.58]
[292.54]
[286.68]
[287.04]
[284.8]
[278.34]
[286.32]
[292.5]
[295.63]
[289.83]
[269.39]
[289.83]
[282.58]
[288.99]
[278.96]
[284.37]
[314.81]
[289.32]
[327.61]
[283.17]
[236.9]
[282.63]
[301.95]
[290.21]
[288.34]
[283.96]
[289.37]
[283.36]
[277.02]
[289.94]
[285.96]
[282.95]
[290.62]
[286.86]
[279.43]
[307.97]
[292.33]
[283.1]
[326.85]
[266.24]
[283.92]
[281.18]
[276.04]
[283.96]
[292.05]
[280.86]
[285.38]
[284.13]
[290.87]
[287.18]
[287.83]
[289.83]
[290.17]
[287.25]
[284.41]
[271.55]
[296.21]
[285.61]
[285.48]
[286.31]
[291.02]
[290.65]
[283.62]
[289.94]
[285.55]
[311.57]
[275.84]
[294.55]
[287.68]
[293.45]
[306.27]
[287.57]
[286.59]
[281.61]
[290.93]
[294.16]
[290.15]
[283.8]
[284.88]
[280.89]
[282.79]
[296.13]
[302.84]
[282.96]
[286.02]
[294.93]
[286.07]
[282.13]
[274.17]
[284.17]
[290.35]
[289.13]
[292.98]
[287.88]
[275.15]
[287.04]
[290.02]
[286.3]
[282.74]
[290.62]
[292.41]
[296.86]
[288.12]
[288.05]
[289.36]
[295.64]
[289.35]
[283.51]
[299.31]
[303.86]
[285.74]
[286.62]
[326.53]
[283.07]
[283.42]
[292.31]
[304.02]
[288.34]
[278.64]
[272.59]
[279.18]
[292.35]
[284.08]
[287.43]
[262.96]
[295.73]
[295.6]
[294.84]
[260.76]
[16.06]
[278.88]
[284.87]
[291.15]
[294.98]
[291.97]
[271.73]
[297.1]
[292.66]
[274.73]
[295.85]
[309.7]
[292.97]
[291.77]
[293.82]
[294.93]
[301.86]
[302.9]
[289.16]
[280.74]
[277.02]
[288.46]
[279.19]
[297.13]
[285.67]
[228.01]
[288.93]
[286.0]
[283.09]
[330.04]
[289.62]
[288.19]
[294.32]
[281.01]
[287.52]
[278.03]
[290.5]
[281.05]
[290.44]
[280.18]
[294.19]
[285.79]
[287.66]
[290.38]
[277.22]
[295.81]
[270.39]
[287.3]
[300.15]
[283.36]
[265.97]
[287.26]
[274.22]
[281.52]
[288.42]
[274.57]
[260.73]
[289.62]
[288.69]
[291.61]
[285.93]
[301.07]
[277.95]
[295.15]
[288.96]
[295.51]
[252.52]
[287.79]
[285.9]
[287.99]
[287.44]
[294.87]
[289.76]
[277.26]
[299.15]
[284.25]
[280.92]
[285.76]
[284.62]
[254.15]
[281.71]
[301.66]
[278.06]
[281.1]
[285.11]
[288.13]
[287.85]
[294.69]
[289.72]
[284.91]
[287.42]
[287.83]
[286.33]
[283.74]
[290.41]
[289.25]
[290.38]
[281.36]
[278.42]
[283.86]
[290.63]
[285.09]
[292.16]
[270.69]
[262.25]
[309.78]
[289.12]
[290.64]
[292.25]
[292.68]
[285.81]
[289.08]
[287.44]
[276.9]
[299.96]
[272.63]
[292.04]
[272.63]
[293.96]
[289.02]
[284.56]
[278.48]
[293.06]
[285.28]
[292.74]
[288.63]
[286.69]
[295.92]
[274.99]
[288.62]
[287.84]
[285.33]
[277.65]
[285.36]
[279.42]
[285.59]
[293.94]
[284.55]
[295.66]
[298.85]
[200.61]
[288.62]
[291.02]
[284.99]
[229.66]
[276.13]
[216.19]
[273.2]
[280.78]
[284.09]
[267.44]
[236.9]
[300.08]
[279.44]
[271.37]
[297.61]
[199.25]
[310.31]
[281.7]
[293.21]
[295.24]
[283.36]
[278.14]
[276.59]
[290.54]
[283.0]
[297.89]
[265.6]
[277.06]
[285.62]
[288.73]
[295.79]
[289.91]
[289.36]
[275.41]
[314.38]
[290.92]
[280.83]
[290.55]
[286.03]
[278.83]
[276.83]
[288.57]
[284.11]
[290.31]
[282.67]
[283.74]
[283.23]
[298.19]
[273.66]
[290.74]
[284.61]
[274.48]
[284.13]
[276.53]
[289.27]
[294.63]
[248.53]
[289.56]
[292.97]
[253.25]
[289.54]
[277.57]
[261.95]
[308.39]
[275.55]
[287.18]
[293.49]
[292.35]
[284.27]
[288.77]
[291.57]
[289.3]
[321.0]
[286.12]
[289.63]
[289.81]
[309.0]
[277.18]
[277.97]
[294.56]
[285.74]
[281.07]
[282.11]
[278.82]
[302.71]
[290.79]
[248.75]
[289.59]
[294.07]
[285.27]
[286.86]
[281.59]
[288.57]
[288.55]
[287.84]
[296.8]
[259.11]
[289.59]
[277.23]
[276.31]
[293.7]
[296.57]
[293.0]
[283.18]
[286.65]
[305.59]
[298.59]
[296.64]
[299.14]
[231.65]
[284.37]
[292.49]
[300.76]
[293.52]
[288.16]
[285.04]
[286.54]
[287.8]
[295.27]
[290.27]
[291.22]
[289.38]
[294.38]
[303.93]
[284.03]
[294.24]
[284.52]
[292.95]
[289.7]
[298.16]
[287.83]
[302.73]
[268.96]
[292.11]
[291.83]
[286.61]
[293.94]
[280.89]
[286.57]
[292.98]
[293.59]
[300.1]
[287.62]
[294.42]
[283.46]
[312.8]
[288.36]
[289.12]
[278.37]
[267.93]
[292.68]
[288.32]
[286.3]
[284.44]
[285.87]
[282.74]
[291.62]
[293.13]
[292.19]
[267.62]
[277.51]
[295.94]
[283.85]
[289.61]
[292.48]
[231.25]
[281.16]
[279.36]
[278.66]
[290.03]
[297.99]
[278.92]
[284.24]
[281.61]
[293.02]
[287.46]
[287.99]
[302.62]
[281.55]
[290.36]
[282.0]
[287.13]
[287.97]
[290.9]
[287.82]
[286.57]
[274.22]
[291.81]
[295.76]
[287.59]
[290.0]
[285.27]
[280.04]
[286.77]
[283.84]
[290.78]
[283.37]
[290.71]
[287.27]
[289.39]
[294.07]
[291.62]
[288.43]
[289.92]
[295.67]
[312.8]
[300.61]
[290.41]
[267.84]
[292.65]
[282.71]
[284.71]
[280.85]
[308.99]
[287.83]
[290.61]
[282.15]
[293.62]
[284.63]
[257.85]
[290.9]
[291.72]
[287.49]
[294.31]
[278.8]
[286.75]
[281.78]
[16.06]
[285.21]
[286.57]
[279.39]
[285.36]
[285.71]
[281.26]
[306.31]
[280.86]
[277.61]
[284.2]
[293.79]
[282.55]
[292.67]
[280.93]
[288.57]
[291.91]
[291.09]
[288.11]
[285.69]
[289.61]
[302.94]
[284.98]
[279.06]
[291.77]
[285.99]
[283.18]
[287.99]
[314.05]
[291.58]
[282.49]
[275.2]
[285.4]
[293.61]
[291.2]
[295.21]
[285.09]
[291.35]
[277.64]
[287.19]
[253.35]
[305.66]
[283.23]
[314.78]
[289.41]
[287.55]
[286.35]
[294.25]
[278.3]
[288.59]
[332.83]
[281.42]
[289.38]
[276.45]
[292.38]
[293.12]
[272.89]
[286.31]
[267.28]
[298.77]
[267.19]
[275.37]
[257.61]
[291.04]
[285.86]
[302.11]
[288.68]
[288.13]
[285.41]
[290.89]
[279.66]
[290.41]
[281.51]
[286.55]
[284.48]
[296.53]
[282.34]
[284.63]
[285.83]
[281.15]
[282.75]
[289.67]
[292.7]
[289.71]
[285.31]
[265.9]
[282.83]
[279.75]
[284.63]
[279.55]
[277.52]
[294.31]
[291.82]
[281.95]
[292.19]
[249.12]
[292.54]
[288.44]
[320.94]
[288.88]
[280.64]
[284.46]
[280.73]
[285.49]
[293.18]
[283.25]
[309.75]
[288.74]
[278.3]
[293.35]
[287.02]
[290.87]
[285.18]
[277.56]
[285.46]
[282.17]
[292.0]
[287.33]
[280.24]
[308.7]
[286.56]
[299.19]
[297.61]
[290.17]
[297.7]
[289.89]
[284.25]
[275.96]
[283.69]
[306.02]
[286.96]
[284.31]
[285.81]
[301.86]
[295.09]
[216.6]
[285.24]
[308.99]
[284.15]
[297.06]
[280.57]
[3.44]
[284.68]
[291.42]
[279.23]
[271.25]
[276.13]
[254.73]
[297.08]
[265.53]
[288.35]
[292.36]
[291.26]
[346.84]
[283.64]
[282.3]
[280.96]
[295.15]
[276.83]
[277.57]
[283.84]
[278.21]
[276.45]
[284.89]
[291.14]
[281.53]
[291.5]
[322.11]
[301.06]
[283.37]
[289.47]
[290.37]
[288.78]
[290.48]
[298.34]
[290.95]
[291.03]
[295.57]
[289.17]
[283.7]
[310.18]
[293.03]
[295.51]
[296.94]
[301.07]
[306.01]
[295.33]
[285.91]
[297.68]
[276.44]
[327.15]
[294.85]
[282.89]
[281.26]
[285.95]
[290.95]
[302.97]
[299.32]
[286.34]
[282.03]
[226.06]
[289.36]
[281.62]
[278.75]
[294.2]
[282.93]
[308.89]
[292.79]
[296.02]
[285.02]
[298.3]
[293.31]
[287.54]
[272.24]
[286.99]
[273.9]
[276.64]
[279.77]
[285.4]
[294.74]
[287.51]
[289.26]
[315.78]
[282.6]
[292.06]
[287.21]
[291.18]
[282.2]
[285.4]
[281.84]
[293.91]
[288.9]
[284.12]
[281.73]
[282.4]
[278.6]
[291.41]
[289.35]
[251.42]
[278.04]
[271.42]
[286.68]
[286.24]
[293.74]
[286.95]
[285.18]
[292.12]
[285.17]
[294.13]
[283.09]
[288.81]
[288.61]
[276.57]
[290.36]
[265.91]
[287.47]
[283.23]
[252.69]
[290.91]
[285.27]
[278.94]
[286.72]
[277.23]
[270.8]
[284.66]
[294.16]
[294.19]
[289.54]
[293.13]
[287.79]
[290.42]
[282.83]
[273.92]
[271.81]
[284.8]
[289.2]
[301.77]
[290.36]
[288.59]
[277.18]
[306.9]
[16.06]
[285.18]
[275.75]
[294.3]
[283.06]
[281.7]
[294.18]
[274.84]
[304.32]
[289.32]
[286.92]
[297.37]
[268.5]
[290.08]
[291.24]
[286.42]
[287.33]
[287.41]
[284.94]
[282.7]
[284.7]
[279.65]
[289.66]
[291.91]
[278.87]
[287.21]
[280.89]
[288.33]
[284.09]
[284.98]
[287.78]
[292.05]
[285.54]
[298.99]
[289.0]
[291.06]
[280.0]
[273.53]
[282.41]
[284.47]
[290.16]
[289.2]
[283.16]
[286.13]
[288.51]
[296.15]
[289.73]
[291.31]
[286.23]
[298.8]
[290.56]
[281.32]
[278.66]
[278.65]
[268.6]
[298.43]
[290.54]
[289.0]
[274.22]
[285.02]
[292.85]
[301.05]
[308.12]
[291.61]
[287.99]
[295.79]
[285.85]
[280.48]
[307.42]
[286.82]
[290.49]
[292.72]
[286.26]
[294.59]
[287.26]
[282.6]
[278.58]
[281.56]
[288.05]
[285.66]
[352.92]
[288.06]
[289.2]
[286.99]
[286.66]
[282.96]
[284.52]
[291.53]
[294.24]
[283.83]
[311.57]
[248.75]
[286.55]
[289.37]
[289.0]
[297.74]
[282.88]
[290.15]
[258.25]
[317.66]
[301.0]
[279.62]
[285.98]
[283.67]
[284.24]
[272.06]
[283.45]
[271.32]
[281.03]
[284.29]
[277.89]
[282.86]
[266.11]
[280.92]
[283.17]
[295.51]
[284.39]
[288.66]
[272.0]
[285.06]
[288.25]
[288.39]
[300.27]
[292.39]
[284.79]
[288.14]
[292.39]
[305.71]
[284.66]
[293.58]
[292.77]
[284.15]
[278.49]
[275.4]
[287.55]
[285.58]
[284.53]
[279.75]
[298.3]
[278.75]
[275.33]
[274.39]
[308.39]
[289.73]
[274.67]
[279.03]
[271.9]
[295.07]
[284.73]
[297.61]
[320.97]
[284.06]
[282.75]
[280.3]
[291.83]
[292.65]
[289.16]
[289.52]
[287.81]
[277.13]
[292.2]
[20.26]
[288.93]
[299.36]
[271.36]
[287.15]
[287.35]
[292.07]
[5.44]
[288.68]
[286.75]
[275.64]
[321.36]
[287.36]
[294.6]
[284.28]
[276.2]
[303.64]
[286.5]
[296.16]
[282.92]
[287.57]
[289.06]
[285.79]
[288.2]
[294.64]
[289.69]
[287.79]
[291.77]
[272.21]
[290.0]
[290.45]
[283.85]
[286.14]
[294.17]
[297.39]
[288.06]
[296.02]
[291.01]
[265.01]
[286.64]
[259.88]
[291.2]
[287.1]
[277.55]
[282.94]
[272.73]
[280.25]
[292.06]
[304.3]
[286.75]
[5.44]
[289.8]
[257.7]
[290.3]
[275.75]
[294.59]
[281.89]
[284.47]
[287.69]
[290.48]
[275.9]
[263.94]
[289.18]
[286.28]
[276.4]
[314.02]
[290.3]
[281.4]
[290.01]
[286.95]
[282.26]
[349.16]
[286.42]
[279.36]
[288.72]
[289.95]
[299.8]
[283.84]
[282.32]
[286.78]
[287.17]
[285.43]
[263.49]
[281.02]
[295.2]
[285.5]
[288.91]
[298.21]
[294.54]
[285.16]
[288.54]
[289.4]
[294.79]
[293.27]
[291.45]
[290.69]
[284.08]
[284.57]
[278.69]
[284.5]
[282.4]
[290.07]
[278.92]
[304.31]
[287.31]
[294.08]
[294.86]
[291.52]
[291.23]
[277.75]
[274.87]
[301.18]
[286.46]
[287.46]
[287.29]
[279.96]
[283.98]
[282.74]
[280.27]
[285.78]
[289.35]
[285.78]
[279.66]
[271.73]
[304.77]
[277.4]
[279.48]
[285.83]
[298.2]
[279.17]
[230.45]
[297.93]
[290.26]
[288.3]
[274.48]
[286.48]
[276.9]
[297.72]
[282.98]
[285.78]
[306.74]
[309.64]
[279.54]
[289.02]
[283.94]
[288.48]
[312.16]
[288.51]
[275.42]
[289.63]
[291.41]
[286.79]
[291.11]
[289.01]
[256.69]
[279.63]
[297.13]
[306.9]
[246.45]
[290.75]
[290.84]
[286.42]
[293.42]
[288.18]
[286.45]
[279.03]
[277.31]
[302.72]
[292.88]
[296.35]
[296.3]
[290.63]
[287.67]
[276.0]
[300.92]
[300.92]
[290.7]
[280.46]
[283.1]
[292.94]
[295.89]
[228.01]
[287.49]
[287.17]
[272.24]
[289.47]
[279.64]
[280.64]
[269.45]
[286.18]
[290.25]
[283.18]
[287.34]
[286.08]
[314.22]
[285.79]
[281.93]
[288.18]
[289.51]
[228.01]
[275.66]
[306.67]
[274.37]
[274.74]
[274.23]
[325.89]
[282.7]
[281.65]
[292.57]
[289.26]
[287.18]
[285.68]
[287.17]
[200.69]
[289.76]
[284.41]
[285.16]
[273.51]
[263.4]
[291.27]
[245.02]
[276.62]
[266.37]
[285.82]
[251.16]
[323.36]
[303.15]
[292.65]
[300.35]
[295.13]
[284.54]
[307.76]
[282.57]
[283.02]
[292.55]
[296.14]
[290.09]
[231.25]
[286.01]
[290.32]
[289.24]
[287.43]
[296.77]
[290.12]
[287.56]
[287.7]
[288.75]
[287.28]
[280.9]
[332.72]
[253.63]
[286.93]
[279.57]
[285.68]
[289.16]
[272.96]
[302.82]
[290.22]
[287.88]
[288.82]
[283.08]
[288.08]
[302.3]
[307.37]
[282.99]
[289.81]
[293.24]
[293.92]
[276.25]
[287.87]
[292.27]
[281.26]
[275.27]
[295.02]
[283.29]
[284.48]
[284.07]
[304.32]
[190.13]
[290.32]
[288.43]
[268.78]
[291.46]
[300.19]
[286.66]
[282.93]
[295.77]
[282.66]
[278.29]
[281.19]
[284.11]
[290.15]
[290.18]
[284.32]
[275.53]
[290.1]
[290.25]
[287.19]
[287.85]
[276.71]
[291.93]
[285.5]
[284.5]
[275.15]
[284.07]
[287.06]
[280.5]
[291.18]
[288.34]
[294.82]
[279.53]
[286.24]
[267.28]
[287.49]
[288.16]
[275.59]
[295.28]
[285.96]
[296.19]
[253.25]
[296.81]
[273.03]
[286.58]
[219.87]
[287.73]
[282.95]
[263.28]
[286.33]
[294.75]
[291.03]
[287.78]
[222.82]
[288.65]
[293.76]
[274.22]
[298.04]
[285.04]
[288.89]
[284.82]
[293.2]
[283.61]
[3.92]
[281.72]
[297.7]
[288.54]
[281.32]
[268.45]
[278.29]
[281.18]
[283.5]
[287.38]
[293.32]
[290.44]
[288.48]
[285.44]
[292.8]
[288.3]
[288.35]
[299.45]
[287.1]
[298.99]
[304.97]
[287.82]
[269.39]
[285.11]
[286.14]
[289.24]
[282.1]
[293.3]
[286.2]
[270.55]
[289.74]
[290.76]
[290.82]
[286.77]
[286.67]
[293.57]
[279.76]
[283.42]
[308.04]
[292.66]
[293.07]
[297.78]
[290.36]
[293.42]
[272.39]
[290.4]
[292.64]
[280.9]
[291.47]
[282.97]
[290.78]
[283.46]
[299.19]
[289.98]
[294.41]
[270.93]
[284.7]
[339.77]
[298.5]
[286.62]
[282.17]
[287.98]
[277.88]
[280.4]
[288.84]
[283.55]
[291.89]
[289.93]
[292.6]
[294.77]
[326.53]
[289.72]
[289.98]
[294.94]
[280.6]
[294.44]
[294.11]
[283.63]
[267.73]
[291.65]
[297.72]
[277.13]
[287.23]
[213.44]
[285.62]
[291.37]
[306.9]
[289.61]
[298.53]
[283.19]
[290.28]
[288.31]
[292.73]
[267.28]
[293.63]
[285.74]
[290.27]
[287.49]
[277.59]
[291.83]
[280.84]
[332.55]
[286.2]
[285.76]
[291.7]
[284.99]
[288.67]
[290.43]
[297.75]
[289.9]
[276.59]
[283.61]
[293.78]
[282.6]
[273.28]
[275.46]
[290.35]
[282.79]
[288.15]
[284.27]
[279.11]
[330.04]
[288.94]
[287.61]
[292.74]
[229.66]
[216.19]
[289.78]
[288.96]
[284.33]
[289.26]
[291.7]
[271.88]
[292.71]
[272.92]
[288.28]
[289.67]
[294.73]
[282.14]
[282.96]
[288.55]
[293.11]
[279.24]
[287.55]
[286.44]
[276.33]
[289.28]
[282.92]
[285.81]
[273.22]
[271.95]
[267.31]
[281.12]
[275.93]
[220.69]
[278.36]
[292.23]
[288.54]
[292.42]
[280.49]
[285.76]
[311.37]
[216.19]
[288.44]
[295.46]
[288.17]
[283.21]
[295.58]
[299.67]
[285.93]
[288.93]
[285.6]
[275.0]
[292.45]
[281.82]
[279.77]
[276.72]
[300.87]
[292.79]
[293.82]
[276.56]
[292.58]
[294.48]
[290.41]
[287.96]
[288.17]
[289.59]
[288.59]
[297.83]
[283.46]
[289.37]
[284.3]
[283.89]
[289.13]
[282.13]
[295.15]
[250.32]
[285.43]
[289.6]
[279.73]
[283.4]
[294.21]
[285.78]
[292.74]
[277.76]
[292.54]
[265.59]
[260.07]
[289.58]
[293.71]
[287.95]
[294.73]
[284.05]
[288.39]
[292.45]
[289.32]
[281.73]
[290.0]
[279.49]
[341.28]
[297.82]
[281.29]
[292.06]
[288.01]
[274.79]
[282.08]
[281.0]
[285.82]
[294.64]
[283.16]
[265.13]
[287.38]
[286.0]
[338.35]
[288.04]
[295.83]
[275.75]
[287.2]
[279.82]
[278.83]
[226.06]
[302.42]
[286.85]
[281.48]
[284.07]
[280.82]
[292.01]
[284.78]
[276.72]
[281.96]
[290.76]
[283.45]
[287.16]
[290.22]
[274.24]
[288.59]
[293.42]
[289.45]
[296.28]
[289.78]
[282.74]
[275.99]
[284.77]
[284.78]
[278.34]
[278.53]
[325.89]
[289.06]
[292.24]
[292.58]
[257.78]
[290.92]
[290.71]
[279.69]
[270.57]
[283.43]
[281.32]
[296.39]
[289.95]
[287.44]
[288.85]
[282.07]
[291.88]
[288.57]
[286.67]
[293.67]
[290.89]
[288.41]
[293.37]
[305.43]
[293.43]
[282.12]
[267.54]
[307.26]
[269.2]
[292.63]
[285.22]
[271.04]
[274.47]
[285.01]
[281.75]
[279.04]
[256.17]
[265.71]
[278.36]
[293.4]
[292.76]
[302.89]
[278.22]
[292.93]
[279.58]
[277.27]
[300.97]
[285.83]
[284.28]
[279.56]
[285.31]
[286.17]
[301.16]
[292.1]
[290.36]
[288.63]
[304.08]
[270.47]
[278.35]
[285.39]
[286.22]
[277.4]
[287.01]
[285.83]
[300.78]
[283.64]
[292.48]
[296.23]
[281.33]
[297.35]
[275.49]
[281.84]
[285.78]
[285.89]
[291.34]
[282.56]
[286.07]
[282.3]
[287.41]
[289.52]
[275.49]
[280.71]
[282.71]
[278.4]
[299.06]
[296.39]
[293.13]
[302.34]
[302.49]
[289.45]
[292.77]
[282.79]
[280.17]
[287.53]
[293.18]
[293.19]
[281.27]
[291.1]
[285.19]
[282.17]
[300.03]
[281.36]
[277.01]
[256.12]
[292.11]
[290.44]
[285.31]
[292.88]
[292.07]
[287.52]
[280.92]
[285.51]
[291.27]
[272.22]
[272.47]
[266.11]
[277.47]
[292.3]
[287.26]
[291.82]
[283.07]
[277.94]
[264.57]
[294.06]
[283.36]
[298.12]
[290.46]
[293.6]
[285.78]
[287.22]
[291.96]
[285.86]
[293.19]
[279.23]
[281.39]
[287.97]
[275.62]
[275.86]
[289.5]
[297.47]
[286.35]
[282.86]
[282.61]
[276.26]
[294.53]
[299.66]
[278.47]
[277.82]
[285.71]
[277.42]
[290.0]
[289.8]
[287.74]
[271.2]
[279.18]
[288.62]
[287.85]
[297.53]
[279.35]
[283.98]
[280.99]
[290.86]
[276.93]
[269.01]
[283.45]
[290.84]
[270.97]
[308.39]
[280.77]
[282.15]
[293.87]
[284.81]
[11.32]
[294.1]
[311.37]
[287.8]
[288.27]
[285.68]
[292.61]
[296.57]
[294.61]
[282.06]
[295.89]
[296.11]
[279.36]
[279.22]
[295.03]
[287.62]
[288.37]
[295.88]
[282.49]
[274.34]
[302.79]
[293.42]
[285.12]
[289.04]
[326.53]
[282.42]
[287.19]
[277.88]
[282.97]
[291.15]
[284.48]
[293.27]
[281.15]
[284.55]
[309.69]
[281.11]
[290.74]
[273.74]
[304.32]
[289.64]
[301.07]
[287.71]
[288.94]
[263.28]
[303.16]
[288.52]
[286.52]
[291.35]
[290.05]
[295.27]
[280.23]
[284.73]
[274.88]
[285.75]
[285.15]
[287.5]
[3.44]
[229.66]
[296.28]
[292.6]
[285.68]
[288.65]
[284.45]
[288.2]
[288.7]
[288.73]
[295.0]
[290.12]
[286.79]
[286.38]
[293.05]
[266.89]
[287.62]
[288.59]
[289.09]
[293.51]
[294.43]
[290.88]
[289.05]
[283.88]
[280.85]
[280.57]
[283.68]
[284.41]
[282.53]
[290.13]
[289.02]
[294.16]
[290.28]
[285.02]
[303.68]
[279.16]
[284.29]
[283.96]
[287.09]
[291.58]
[303.78]
[298.65]
[291.6]
[292.46]
[287.91]
[297.97]
[282.65]
[287.69]
[279.25]
[278.38]
[16.06]
[284.63]
[289.73]
[339.77]
[291.75]
[300.51]
[274.53]
[281.67]
[281.29]
[304.75]
[302.71]
[266.85]
[286.3]
[304.02]
[300.46]
[281.39]
[287.76]
[282.91]
[289.87]
[299.66]
[284.76]
[281.28]
[289.83]
[286.24]
[299.75]
[283.43]
[295.32]
[290.53]
[291.64]
[288.27]
[300.51]
[295.44]
[291.59]
[295.39]
[287.35]
[283.48]
[300.9]
[295.68]
[305.43]
[309.64]
[248.75]
[292.21]
[290.47]
[290.18]
[287.9]
[294.46]
[287.87]
[283.09]
[283.42]
[296.95]
[303.33]
[284.46]
[288.96]
[251.16]
[294.76]
[286.48]
[275.79]
[290.92]
[297.16]
[294.31]
[288.86]
[289.67]
[287.88]
[290.89]
[290.04]
[278.34]
[341.28]
[279.8]
[268.28]
[301.33]
[298.08]
[284.01]
[287.24]
[283.18]
[283.95]
[258.06]
[276.81]
[296.17]
[287.84]
[299.58]
[301.95]
[292.52]
[272.97]
[285.63]
[312.68]
[283.52]
[279.19]
[293.18]
[288.57]
[286.84]
[293.82]
[289.27]
[292.78]
[286.62]
[296.64]
[282.49]
[297.13]
[287.8]
[283.73]
[284.81]
[292.51]
[290.09]
[299.55]
[286.36]
[294.96]
[289.38]
[279.46]
[280.43]
[284.28]
[272.99]
[282.74]
[290.55]
[297.09]
[285.27]
[282.93]
[283.22]
[283.82]
[291.94]
[290.21]
[280.54]
[291.24]
[285.98]
[293.33]
[303.36]
[290.5]
[293.33]
[286.27]
[283.56]
[294.42]
[292.42]
[280.8]
[284.69]
[286.98]
[265.59]
[286.98]
[288.08]
[233.05]
[277.6]
[285.3]
[290.8]
[280.55]
[282.32]
[287.48]
[290.93]
[280.05]
[296.81]
[216.19]
[317.18]
[287.7]
[289.54]
[287.36]
[272.4]
[229.66]
[291.12]
[292.48]
[279.87]
[282.4]
[286.3]
[279.68]
[288.69]
[294.42]
[283.15]
[287.36]
[290.1]
[288.99]
[292.58]
[286.67]
[280.41]
[257.58]
[304.83]
[285.57]
[290.48]
[297.71]
[276.76]
[290.92]
[277.94]
[300.6]
[299.31]
[282.66]
[264.57]
[291.18]
[310.4]
[296.48]
[280.05]
[291.36]
[290.71]
[282.48]
[286.98]
[291.67]
[291.12]
[285.56]
[289.03]
[307.75]
[290.02]
[289.69]
[277.65]
[290.78]
[288.57]
[285.9]
[278.5]
[287.92]
[288.02]
[306.75]
[288.15]
[278.36]
[276.9]
[302.43]
[304.83]
[292.54]
[281.51]
[286.99]
[284.73]
[293.78]
[302.67]
[247.01]
[286.74]
[266.22]
[286.55]
[326.53]
[288.12]
[289.53]
[275.89]
[288.15]
[294.73]
[280.76]
[265.15]
[292.96]
[278.88]
[292.49]
[248.41]
[290.6]
[293.07]
[259.57]
[279.31]
[290.46]
[304.58]
[300.51]
[292.49]
[277.04]
[287.82]
[288.07]
[286.88]
[285.6]
[288.8]
[273.2]
[288.68]
[284.95]
[292.07]
[294.01]
[293.68]
[286.75]
[288.9]
[288.64]
[287.97]
[292.35]
[276.96]
[290.03]
[288.35]
[304.74]
[293.52]
[292.19]
[277.74]
[289.6]
[293.34]
[284.46]
[273.75]
[290.23]
[294.52]
[285.03]
[289.87]
[301.12]
[282.22]
[282.04]
[296.84]
[306.22]
[277.77]
[295.75]
[306.43]
[292.66]
[298.68]
[278.95]
[294.3]
[266.36]
[296.06]
[282.7]
[281.7]
[292.18]
[285.61]
[307.68]
[287.45]
[287.39]
[286.65]
[284.93]
[279.75]
[297.14]
[282.01]
[290.56]
[290.32]
[286.47]
[292.61]
[287.49]
[283.3]
[349.16]
[285.76]
[281.74]
[286.73]
[285.96]
[280.09]
[304.97]
[305.57]
[246.99]
[279.29]
[293.73]
[286.31]
[290.19]
[290.78]
[287.48]
[285.05]
[281.42]
[277.81]
[276.08]
[302.03]
[278.43]
[288.37]
[295.71]
[225.19]
[291.15]
[286.19]
[284.75]
[254.97]
[289.71]
[291.74]
[352.92]
[305.97]
[277.28]
[289.85]
[283.56]
[275.41]
[265.32]
[248.29]
[323.36]
[282.53]
[265.61]
[287.79]
[293.38]
[282.82]
[284.43]
[284.35]
[285.2]
[279.2]
[288.68]
[286.58]
[272.82]
[11.32]
[294.01]
[315.11]
[274.86]
[238.17]
[282.83]
[294.84]
[299.67]
[280.34]
[284.67]
[263.9]
[271.81]
[281.31]
[279.81]
[287.83]
[292.24]
[291.21]
[276.18]
[304.45]
[290.34]
[278.93]
[285.84]
[282.19]
[290.34]
[307.76]
[292.01]
[287.41]
[285.34]
[278.01]
[292.8]
[290.58]
[293.63]
[292.91]
[281.15]
[271.44]
[294.29]
[275.94]
[272.38]
[290.91]
[287.4]
[268.91]
[292.36]
[243.2]
[292.53]
[283.44]
[262.49]
[265.29]
[288.16]
[308.39]
[290.18]
[297.79]
[292.23]
[290.87]
[306.68]
[285.41]
[288.37]
[292.67]
[293.21]
[290.64]
[297.68]
[291.96]
[287.41]
[287.47]
[269.67]
[288.03]
[285.68]
[288.84]
[290.3]
[296.0]
[299.0]
[299.64]
[289.21]
[277.26]
[292.34]
[305.18]
[273.08]
[278.78]
[285.31]
[281.86]
[277.47]
[286.07]
[284.9]
[302.04]
[288.85]
[283.92]
[290.62]
[283.24]
[273.38]
[283.14]
[271.04]
[283.23]
[254.69]
[292.08]
[292.77]
[282.75]
[279.82]
[283.32]
[292.32]
[298.45]
[283.46]
[274.32]
[290.83]
[286.91]
[286.56]
[21.37]
[284.29]
[300.36]
[288.64]
[290.02]
[294.68]
[286.86]
[291.93]
[287.03]
[296.68]
[279.63]
[306.57]
[292.31]
[308.66]
[307.68]
[303.7]
[294.2]
[290.65]
[286.58]
[287.85]
[287.98]
[292.58]
[290.16]
[282.75]
[287.02]
[291.84]
[295.68]
[308.42]
[275.56]
[290.9]
[274.67]
[296.31]
[290.17]
[287.78]
[286.92]
[283.11]
[293.59]
[291.41]
[272.23]
[289.75]
[289.24]
[280.82]
[279.5]
[268.17]
[292.08]
[282.71]
[299.65]
[301.95]
[255.66]
[301.98]
[286.59]
[296.02]
[293.94]
[283.23]
[274.78]
[303.1]
[287.43]
[286.35]
[287.17]
[285.74]
[290.3]
[274.89]
[261.65]
[282.57]
[289.73]
[290.52]
[295.43]
[286.26]
[271.9]
[289.25]
[284.73]
[277.53]
[14.17]
[287.94]
[282.53]
[285.17]
[296.61]
[287.58]
[289.34]
[286.61]
[280.04]
[283.55]
[277.34]
[291.75]
[293.96]
[295.94]
[252.91]
[292.9]
[292.21]
[301.87]
[291.37]
[291.35]
[295.69]
[286.71]
[289.57]
[283.99]
[287.44]
[295.83]
[292.18]
[282.79]
[278.91]
[275.49]
[290.18]
[281.37]
[234.09]
[278.04]
[279.64]
[301.96]
[285.13]
[291.87]
[290.64]
[288.87]
[287.63]
[289.61]
[277.87]
[299.49]
[291.21]
[278.98]
[281.71]
[306.27]
[291.66]
[296.21]
[286.21]
[288.98]
[286.28]
[281.85]
[275.9]
[289.85]
[261.45]
[291.27]
[275.99]
[11.32]
[299.73]
[279.7]
[282.33]
[257.61]
[246.86]
[304.79]
[278.04]
[306.76]
[289.43]
[280.37]
[273.12]
[289.73]
[292.6]
[251.16]
[199.25]
[272.19]
[310.49]
[288.4]
[293.58]
[279.49]
[286.67]
[288.96]
[284.75]
[285.72]
[305.29]
[272.76]
[289.0]
[288.57]
[284.06]
[292.28]
[289.38]
[286.22]
[296.65]
[290.56]
[289.53]
[269.92]
[295.34]
[296.19]
[288.83]
[286.64]
[289.62]
[293.75]
[282.67]
[278.17]
[285.78]
[280.91]
[289.2]
[273.97]
[289.67]
[258.7]
[279.59]
[291.3]
[268.45]
[292.65]
[5.44]
[290.16]
[291.82]
[288.86]
[285.23]
[330.04]
[268.25]
[294.83]
[281.1]
[266.95]
[258.01]
[288.17]
[284.49]
[279.48]
[278.49]
[285.14]
[282.52]
[291.07]
[295.68]
[297.89]
[292.71]
[292.7]
[275.11]
[280.12]
[289.23]
[285.12]
[282.52]
[273.36]
[281.26]
[281.48]
[292.15]
[283.62]
[289.08]
[289.96]
[289.19]
[285.78]
[287.15]
[280.61]
[330.78]
[286.55]
[290.46]
[288.14]
[294.44]
[290.66]
[299.94]
[291.88]
[296.88]
[268.12]
[292.81]
[289.52]
[289.87]
[298.16]
[292.44]
[234.43]
[275.62]
[323.36]
[289.38]
[266.05]
[291.14]
[285.56]
[307.08]
[293.94]
[288.72]
[288.49]
[285.91]
[289.73]
[281.49]
[279.54]
[290.94]
[285.38]
[285.48]
[283.87]
[291.13]
[294.59]
[283.91]
[293.09]
[268.2]
[283.92]
[288.06]
[278.42]
[277.51]
[283.77]
[277.27]
[307.47]
[287.05]
[291.36]
[277.87]
[283.58]
[279.32]
[277.61]
[257.61]
[298.5]
[307.26]
[288.13]
[285.44]
[289.03]
[296.41]
[252.06]
[286.52]
[292.08]
[291.51]
[266.45]
[296.38]
[308.37]
[280.76]
[282.81]
[281.65]
[276.67]
[278.9]
[329.48]
[282.94]
[271.88]
[286.51]
[285.08]
[295.83]
[290.07]
[283.84]
[312.73]
[291.72]
[273.57]
[273.03]
[282.18]
[292.91]
[294.7]
[284.56]
[286.56]
[282.45]
[277.35]
[11.32]
[279.88]
[305.39]
[301.44]
[287.25]
[281.2]
[271.26]
[277.52]
[300.74]
[284.16]
[258.56]
[293.47]
[289.3]
[283.05]
[275.04]
[297.49]
[293.71]
[284.48]
[289.66]
[272.92]
[293.29]
[286.32]
[288.3]
[281.71]
[287.04]
[286.64]
[284.83]
[289.03]
[283.17]
[290.25]
[287.54]
[284.39]
[275.79]
[286.92]
[283.17]
[289.09]
[290.89]
[270.72]
[289.03]
[273.33]
[264.79]
[278.19]
[330.04]
[285.39]
[278.32]
[305.96]
[300.27]
[292.01]
[253.73]
[291.96]
[292.46]
[298.04]
[289.6]
[290.0]
[289.38]
[288.04]
[286.53]
[301.85]
[300.0]
[279.03]
[286.82]
[280.23]
[276.2]
[283.0]
[280.17]
[278.77]
[287.71]
[282.61]
[305.77]
[231.25]
[288.25]
[300.91]
[283.27]
[291.3]
[260.83]
[294.38]
[287.12]
[280.72]
[281.72]
[284.65]
[288.02]
[286.68]
[282.57]
[290.92]
[284.81]
[287.84]
[285.74]
[287.47]
[284.15]
[288.46]
[277.93]
[275.25]
[293.15]
[303.44]
[280.61]
[298.98]
[290.1]
[299.66]
[323.36]
[289.45]
[274.35]
[299.85]
[282.78]
[28.81]
[288.58]
[270.59]
[301.86]
[274.08]
[294.82]
[289.57]
[287.39]
[285.05]
[286.24]
[294.09]
[282.8]
[297.36]
[286.55]
[287.32]
[293.98]
[288.71]
[287.27]
[290.57]
[289.61]
[278.88]
[274.63]
[285.07]
[301.53]
[300.33]
[295.66]
[287.12]
[291.95]
[285.98]
[299.86]
[280.41]
[286.32]
[286.6]
[283.54]
[278.05]
[292.09]
[290.21]
[286.71]
[285.17]
[290.05]
[180.0]
[288.34]
[282.57]
[283.45]
[291.62]
[291.24]
[292.36]
[283.18]
[288.26]
[287.08]
[286.61]
[290.41]
[290.51]
[180.0]
[291.18]
[287.97]
[290.14]
[290.95]
[279.21]
[288.26]
[284.6]
[290.41]
[291.1]
[277.22]
[287.36]
[286.5]
[285.83]
[280.62]
[293.58]
[293.5]
[286.42]
[283.51]
[286.42]
[292.58]
[291.73]
[292.17]
[290.34]
[286.92]
[287.47]
[280.9]
[288.92]
[285.12]
[288.99]
[284.72]
[289.1]
[291.1]
[290.4]
[288.78]
[180.0]
[282.34]
[284.72]
[288.82]
[290.97]
[290.66]
[290.38]
[280.7]
[293.36]
[284.21]
[281.49]
[285.53]
[293.33]
[289.81]
[292.79]
[288.44]
[285.41]
[281.49]
[281.8]
[286.78]
[290.08]
[290.76]
[287.34]
[286.48]
[280.69]
[292.99]
[180.0]
[288.09]
[285.55]
[290.59]
[286.06]
[288.82]
[292.17]
[283.41]
[288.82]
[290.53]
[284.4]
[276.45]
[288.05]
[285.19]
[293.8]
[293.06]
[287.34]
[294.5]
[288.82]
[291.49]
[284.74]
[286.02]
[291.01]
[290.92]
[285.99]
[283.22]
[287.46]
[288.71]
[294.92]
[286.86]
[291.16]
[288.4]
[180.0]
[278.43]
[288.33]
[285.45]
[291.15]
[290.86]
[288.82]
[282.0]
[287.07]
[287.94]
[289.39]
[288.97]
[290.91]
[291.0]
[285.43]
[290.69]
[293.05]
[282.15]
[283.62]
[288.66]
[180.0]
[293.4]
[288.6]
[288.82]
[291.95]
[278.43]
[290.61]
[291.23]
[286.82]
[289.42]
[291.85]
[292.45]
[286.77]
[290.01]
[290.87]
[289.21]
[288.7]
[290.62]
[292.43]
[289.09]
[293.64]
[286.49]
[275.75]
[293.05]
[282.82]
[285.05]
[284.59]
[285.5]
[286.32]
[286.57]
[284.75]
[289.11]
[286.35]
[292.12]
[289.39]
[287.69]
[282.61]
[286.5]
[289.8]
[288.82]
[285.69]
[285.03]
[282.4]
[282.7]
[291.23]
[290.6]
[290.44]
[284.13]
[289.12]
[292.77]
[292.25]
[293.21]
[279.3]
[289.21]
[291.83]
[291.7]
[293.75]
[292.52]
[287.06]
[292.53]
[291.61]
[291.85]
[287.47]
[285.81]
[289.44]
[291.12]
[284.0]
[291.14]
[295.16]
[283.19]
[289.99]
[278.41]
[283.25]
[287.81]
[287.93]
[282.06]
[290.06]
[294.8]
[289.14]
[286.3]
[281.83]
[284.56]
[288.82]
[286.41]
[286.54]
[287.21]
[287.95]
[289.05]
[292.14]
[291.1]
[281.95]
[288.82]
[288.75]
[282.56]
[290.71]
[292.42]
[287.71]
[280.03]
[291.92]
[287.75]
[290.77]
[286.15]
[288.18]
[291.27]
[289.52]
[291.86]
[292.79]
[288.05]
[282.71]
[284.58]
[288.21]
[283.61]
[287.4]
[292.47]
[290.22]
[292.39]
[287.79]
[289.9]
[286.81]
[289.97]
[287.3]
[290.96]
[281.54]
[287.62]
[289.5]
[285.06]
[295.0]
[283.64]
[288.53]
[293.08]
[285.58]
[280.07]
[287.06]
[286.92]
[287.5]
[291.03]
[282.63]
[289.32]
[288.1]
[284.66]
[288.73]
[293.62]
[290.85]
[288.58]
[287.12]
[290.52]
[292.08]
[278.37]
[288.54]
[289.37]
[290.98]
[291.54]
[293.69]
[290.55]
[286.4]
[286.12]
[293.74]
[285.44]
[290.11]
[288.99]
[291.17]
[287.25]
[287.03]
[287.02]
[287.18]
[290.57]
[290.46]
[180.0]
[282.01]
[287.43]
[278.29]
[280.54]
[286.92]
[282.55]
[277.45]
[284.97]
[286.72]
[288.82]
[286.43]
[287.08]
[291.41]
[275.45]
[289.79]
[283.16]
[292.87]
[290.43]
[279.08]
[287.75]
[287.95]
[291.26]
[286.35]
[284.51]
[283.15]
[283.86]
[293.87]
[292.87]
[292.23]
[292.49]
[283.74]
[288.82]
[286.35]
[291.45]
[290.37]
[286.03]
[283.23]
[291.8]
[284.84]
[291.82]
[282.7]
[281.16]
[287.98]
[289.2]
[290.02]
[285.09]
[280.48]
[274.98]
[289.88]
[287.66]
[288.04]
[286.16]
[288.09]
[284.68]
[287.01]
[288.82]
[282.69]
[292.84]
[287.22]
[284.54]
[288.05]
[288.94]
[285.5]
[288.95]
[289.51]
[293.51]
[285.44]
[180.0]
[285.48]
[293.68]
[287.15]
[290.41]
[296.5]
[291.3]
[289.51]
[285.29]
[289.02]
[285.71]
[284.26]
[292.87]
[288.87]
[292.08]
[288.54]
[290.5]
[280.17]
[294.68]
[292.07]
[290.83]
[285.86]
[291.67]
[284.18]
[294.11]
[287.21]
[292.75]
[281.73]
[287.96]
[285.13]
[285.98]
[288.94]
[293.17]
[283.52]
[297.1]
[291.09]
[287.27]
[274.76]
[288.63]
[283.93]
[285.92]
[276.85]
[180.0]
[291.91]
[283.51]
[276.25]
[286.91]
[288.93]
[294.99]
[285.45]
[282.04]
[286.86]
[292.9]
[288.88]
[286.16]
[288.83]
[281.17]
[291.33]
[291.92]
[290.55]
[289.06]
[281.4]
[289.36]
[292.37]
[288.06]
[289.93]
[294.43]
[284.76]
[282.05]
[281.9]
[286.6]
[285.13]
[290.38]
[290.02]
[277.1]
[292.76]
[296.31]
[289.92]
[303.08]
[285.47]
[284.11]
[291.94]
[290.76]
[286.51]
[296.77]
[284.18]
[292.98]
[290.09]
[285.27]
[291.08]
[288.38]
[289.29]
[281.14]
[280.29]
[286.24]
[293.43]
[288.49]
[288.53]
[278.4]
[303.51]
[293.21]
[294.74]
[286.72]
[297.33]
[283.61]
[299.76]
[286.26]
[283.98]
[278.72]
[292.98]
[285.92]
[286.46]
[291.18]
[284.55]
[291.86]
[293.25]
[290.69]
[290.82]
[292.98]
[288.86]
[283.76]
[287.66]
[295.29]
[289.72]
[283.17]
[289.19]
[289.57]
[294.26]
[289.19]
[287.59]
[284.13]
[295.33]
[289.93]
[288.13]
[289.32]
[278.19]
[281.85]
[289.48]
[280.28]
[283.4]
[289.48]
[282.89]
[285.11]
[289.33]
[290.43]
[292.2]
[291.43]
[289.6]
[276.9]
[277.35]
[292.77]
[289.4]
[291.22]
[281.99]
[280.45]
[285.72]
[279.07]
[293.45]
[287.36]
[282.87]
[279.42]
[284.88]
[287.17]
[283.91]
[287.13]
[284.41]
[279.67]
[292.04]
[281.27]
[282.5]
[285.37]
[283.97]
[293.84]
[294.22]
[286.24]
[277.49]
[288.88]
[279.05]
[279.11]
[288.87]
[285.65]
[282.06]
[280.23]
[293.14]
[283.7]
[288.86]
[284.19]
[286.56]
[285.41]
[293.57]
[289.3]
[299.06]
[292.51]
[286.64]
[284.52]
[289.39]
[287.72]
[276.95]
[285.82]
[290.08]
[295.09]
[291.82]
[287.98]
[277.19]
[291.97]
[290.98]
[289.74]
[285.48]
[290.34]
[284.33]
[292.14]
[281.48]
[291.66]
[288.68]
[289.14]
[282.39]
[287.86]
[292.16]
[292.05]
[278.39]
[299.97]
[285.79]
[295.16]
[288.18]
[280.7]
[284.43]
[285.47]
[285.26]
[285.21]
[289.65]
[293.69]
[282.13]
[285.07]
[284.59]
[283.58]
[293.99]
[281.97]
[288.64]
[280.83]
[290.58]
[290.21]
[280.75]
[277.58]
[286.51]
[292.01]
[290.87]
[293.69]
[294.58]
[287.28]
[293.34]
[285.01]
[297.99]
[287.29]
[287.69]
[286.14]
[293.67]
[291.23]
[300.8]
[279.36]
[291.1]
[282.65]
[285.38]
[291.24]
[279.37]
[290.48]
[292.79]
[289.08]
[180.0]
[287.49]
[288.4]
[291.48]
[281.85]
[285.72]
[300.8]
[288.42]
[287.63]
[287.47]
[292.38]
[286.91]
[288.2]
[291.67]
[289.66]
[302.54]
[289.38]
[282.89]
[279.86]
[286.72]
[284.89]
[286.47]
[285.11]
[292.72]
[288.88]
[290.43]
[289.41]
[289.25]
[286.32]
[296.47]
[286.76]
[284.79]
[270.82]
[286.89]
[291.86]
[291.24]
[293.76]
[281.3]
[277.57]
[283.18]
[287.01]
[288.66]
[288.51]
[288.12]
[283.95]
[298.5]
[290.74]
[289.8]
[284.06]
[286.43]
[290.13]
[290.85]
[292.81]
[285.33]
[281.97]
[298.38]
[293.99]
[289.03]
[286.96]
[285.18]
[286.18]
[285.83]
[298.85]
[295.08]
[291.8]
[280.88]
[280.18]
[287.41]
[289.79]
[289.43]
[292.59]
[278.88]
[289.17]
[280.82]
[279.6]
[280.01]
[285.5]
[292.85]
[283.4]
[285.77]
[292.0]
[291.75]
[289.94]
[280.66]
[288.58]
[290.19]
[283.12]
[288.04]
[283.18]
[283.82]
[283.71]
[281.42]
[282.39]
[275.5]
[286.87]
[297.89]
[289.06]
[289.89]
[292.7]
[280.28]
[292.85]
[289.4]
[290.46]
[287.01]
[288.29]
[281.65]
[288.88]
[279.08]
[278.45]
[290.72]
[281.98]
[291.33]
[282.8]
[280.15]
[291.66]
[280.76]
[287.84]
[288.78]
[284.75]
[291.15]
[294.73]
[276.65]
[287.67]
[290.9]
[284.28]
[291.03]
[294.92]
[294.45]
[285.59]
[284.36]
[290.01]
[295.71]
[285.04]
[286.2]
[286.09]
[278.97]
[291.9]
[298.39]
[294.22]
[180.0]
[289.79]
[288.17]
[286.73]
[282.31]
[283.01]
[284.56]
[291.64]
[278.65]
[274.15]
[286.99]
[297.69]
[280.17]
[286.76]
[291.0]
[289.6]
[286.13]
[290.35]
[284.7]
[287.1]
[284.91]
[290.36]
[279.07]
[294.46]
[279.22]
[270.57]
[273.87]
[292.23]
[294.75]
[294.28]
[282.4]
[295.54]
[271.81]
[292.52]
[290.01]
[287.39]
[289.51]
[288.3]
[293.2]
[284.07]
[287.0]
[180.0]
[292.2]
[271.87]
[287.17]
[287.84]
[282.76]
[286.13]
[290.01]
[287.6]
[283.55]
[286.21]
[295.4]
[285.14]
[285.61]
[292.92]
[287.52]
[293.5]
[287.56]
[285.91]
[287.69]
[279.14]
[292.32]
[288.82]
[295.84]
[294.58]
[294.44]
[298.52]
[270.69]
[287.01]
[289.2]
[281.46]
[281.81]
[291.75]
[289.24]
[296.39]
[291.99]
[284.04]
[288.6]
[287.83]
[291.85]
[278.14]
[283.83]
[292.3]
[289.59]
[288.85]
[292.77]
[291.02]
[291.93]
[286.22]
[279.33]
[290.43]
[280.88]
[291.74]
[291.04]
[288.48]
[276.14]
[279.84]
[287.81]
[296.29]
[296.12]
[282.21]
[281.65]
[292.95]
[286.17]
[293.65]
[283.7]
[300.12]
[283.02]
[296.66]
[286.45]
[292.25]
[294.12]
[282.8]
[285.18]
[288.56]
[286.19]
[281.94]
[280.85]
[292.64]
[291.4]
[293.58]
[281.6]
[289.13]
[287.11]
[287.35]
[281.85]
[297.88]
[273.99]
[287.41]
[288.5]
[288.53]
[288.48]
[283.76]
[284.96]
[285.38]
[287.3]
[290.96]
[283.71]
[284.76]
[291.97]
[284.08]
[279.24]
[288.9]
[284.07]
[281.94]
[282.36]
[288.99]
[296.33]
[290.85]
[282.31]
[287.55]
[283.14]
[289.52]
[286.51]
[291.71]
[287.66]
[281.17]
[287.62]
[287.99]
[291.55]
[293.66]
[293.46]
[285.22]
[287.11]
[286.02]
[285.73]
[284.86]
[284.59]
[293.43]
[289.06]
[287.23]
[286.21]
[289.31]
[284.63]
[297.22]
[284.78]
[280.14]
[279.48]
[296.53]
[286.2]
[288.63]
[287.17]
[278.93]
[289.97]
[292.26]
[288.42]
[287.95]
[288.54]
[283.83]
[293.76]
[289.52]
[282.06]
[285.44]
[284.95]
[284.62]
[282.43]
[287.79]
[283.45]
[281.11]
[294.96]
[281.64]
[288.06]
[285.64]
[296.03]
[292.89]
[294.43]
[291.82]
[295.29]
[311.11]
[294.41]
[12.0]
[314.18]
[218.84]
[273.75]
[274.39]
[291.37]
[314.18]
[68.23]
[133.53]
[289.03]
[316.27]
[359.68]
[292.45]
[279.81]
[284.04]
[310.38]
[284.93]
[308.94]
[256.2]
[294.35]
[311.91]
[292.97]
[343.34]
[293.08]
[237.53]
[195.45]
[286.71]
[251.98]
[345.23]
[331.64]
[328.74]
[282.46]
[289.12]
[217.5]
[229.46]
[296.22]
[0.0]
[293.14]
[277.03]
[63.6]
[218.51]
[334.2]
[292.5]
[8.54]
[270.0]
[294.47]
[285.35]
[229.46]
[282.36]
[280.97]
[294.14]
[288.29]
[293.6]
[309.92]
[293.23]
[289.21]
[289.23]
[291.67]
[273.59]
[68.5]
[309.92]
[290.19]
[266.06]
[293.59]
[264.73]
[303.8]
[349.33]
[302.62]
[282.9]
[246.77]
[54.16]
[277.2]
[323.43]
[229.46]
[312.48]
[299.92]
[7.48]
[293.22]
[224.58]
[309.32]
[272.1]
[90.0]
[265.73]
[307.26]
[255.3]
[287.5]
[263.32]
[282.82]
[280.68]
[317.81]
[256.84]
[288.7]
[0.0]
[293.34]
[282.86]
[258.36]
[301.49]
[324.02]
[288.72]
[278.05]
[316.02]
[281.44]
[295.53]
[318.65]
[263.39]
[308.93]
[313.35]
[244.78]
[286.74]
[0.0]
[291.24]
[308.94]
[308.33]
[289.48]
[278.63]
[291.24]
[279.35]
[291.6]
[283.91]
[315.63]
[286.89]
[180.77]
[0.0]
[279.35]
[291.6]
[281.85]
[290.02]
[279.24]
[301.12]
[259.79]
[207.41]
[238.52]
[169.65]
[284.9]
[52.66]
[8.54]
[313.35]
[278.91]
[279.04]
[258.31]
[234.83]
[291.2]
[268.52]
[12.0]
[281.29]
[272.2]
[0.0]
[280.08]
[2.16]
[293.35]
[281.58]
[299.13]
[316.27]
[289.25]
[303.08]
[271.32]
[285.17]
[328.11]
[297.69]
[69.11]
[293.47]
[284.59]
[349.96]
[307.74]
[333.65]
[285.03]
[296.97]
[289.98]
[226.65]
[155.42]
[283.35]
[311.03]
[297.08]
[279.35]
[315.89]
[285.45]
[320.11]
[269.72]
[255.59]
[259.48]
[176.92]
[236.27]
[58.61]
[311.58]
[261.36]
[287.16]
[317.78]
[258.36]
[342.09]
[299.73]
[42.06]
[300.4]
[334.2]
[283.62]
[233.92]
[286.87]
[328.11]
[262.18]
[260.52]
[63.57]
[278.44]
[280.81]
[1.56]
[266.06]
[297.69]
[270.0]
[303.08]
[309.34]
[284.75]
[286.48]
[273.5]
[290.24]
[253.33]
[278.24]
[310.84]
[286.3]
[262.75]
[291.7]
[231.41]
[40.87]
[300.71]
[7.73]
[290.94]
[286.37]
[261.02]
[347.82]
[285.42]
[275.73]
[260.73]
[306.33]
[37.7]
[281.87]
[141.21]
[272.52]
[281.35]
[279.86]
[286.05]
[290.15]
[297.33]
[322.42]
[266.75]
[292.23]
[267.56]
[270.82]
[293.24]
[289.83]
[296.69]
[266.06]
[54.16]
[208.29]
[277.12]
[298.0]
[283.62]
[268.27]
[317.36]
[334.2]
[324.0]
[286.69]
[289.21]
[290.32]
[302.97]
[281.86]
[279.04]
[290.83]
[278.91]
[285.0]
[277.36]
[278.78]
[291.6]
[297.99]
[283.7]
[211.92]
[358.46]
[299.73]
[283.3]
[326.5]
[343.78]
[291.68]
[266.06]
[291.67]
[293.61]
[308.71]
[291.68]
[291.02]
[251.53]
[0.0]
[329.13]
[286.94]
[269.58]
[289.23]
[292.0]
[284.11]
[308.72]
[285.3]
[341.33]
[207.42]
[286.26]
[271.32]
[150.88]
[281.74]
[53.68]
[68.31]
[280.97]
[323.43]
[286.32]
[291.08]
[290.46]
[308.73]
[286.78]
[287.5]
[278.33]
[233.95]
[307.27]
[4.15]
[310.48]
[42.06]
[281.26]
[288.08]
[289.17]
[328.74]
[7.48]
[275.28]
[290.68]
[14.73]
[155.42]
[63.6]
[294.07]
[291.26]
[306.33]
[275.4]
[293.04]
[291.68]
[290.52]
[295.31]
[309.57]
[283.62]
[291.25]
[267.5]
[279.35]
[310.56]
[286.85]
[256.2]
[309.92]
[285.47]
[234.83]
[272.52]
[267.14]
[17.0]
[19.79]
[270.0]
[234.83]
[58.61]
[292.07]
[289.03]
[2.16]
[291.97]
[280.74]
[293.97]
[333.65]
[305.65]
[324.54]
[284.27]
[309.32]
[0.0]
[14.73]
[63.25]
[250.36]
[7.73]
[279.32]
[229.46]
[293.39]
[310.48]
[274.2]
[273.02]
[307.29]
[285.09]
[289.41]
[292.26]
[278.29]
[271.36]
[291.74]
[288.25]
[274.06]
[305.46]
[329.13]
[308.85]
[288.69]
[273.51]
[311.09]
[280.75]
[276.64]
[230.38]
[298.89]
[282.52]
[303.47]
[274.58]
[291.57]
[300.32]
[218.84]
[68.23]
[312.9]
[302.62]
[33.7]
[234.83]
[265.83]
[285.1]
[291.8]
[274.58]
[310.11]
[278.99]
[305.65]
[196.42]
[287.45]
[330.57]
[278.29]
[277.9]
[314.18]
[0.0]
[258.36]
[221.54]
[284.63]
[331.64]
[295.69]
[263.39]
[270.0]
[293.01]
[321.95]
[43.09]
[318.6]
[17.0]
[155.42]
[270.0]
[296.69]
[341.78]
[278.52]
[318.25]
[255.49]
[304.41]
[306.25]
[295.41]
[291.24]
[279.35]
[316.95]
[294.55]
[264.41]
[297.45]
[284.78]
[155.42]
[90.0]
[0.0]
[349.96]
[279.6]
[273.59]
[302.74]
[277.36]
[279.29]
[315.59]
[246.6]
[291.24]
[308.94]
[311.91]
[282.77]
[286.55]
[237.53]
[290.75]
[5.51]
[291.24]
[241.68]
[345.23]
[230.38]
[69.69]
[284.38]
[6.36]
[290.59]
[292.3]
[333.49]
[300.96]
[283.98]
[257.17]
[264.57]
[288.7]
[287.5]
[331.01]
[345.23]
[94.08]
[293.22]
[236.27]
[290.45]
[193.37]
[315.63]
[290.55]
[303.08]
[267.56]
[290.92]
[53.68]
[54.16]
[247.88]
[276.52]
[291.6]
[311.91]
[291.02]
[286.74]
[287.21]
[211.92]
[329.13]
[286.48]
[272.43]
[287.5]
[294.35]
[311.91]
[256.2]
[264.57]
[283.82]
[306.33]
[234.2]
[258.31]
[269.0]
[265.83]
[294.91]
[230.38]
[292.1]
[267.34]
[312.37]
[326.41]
[43.09]
[337.83]
[312.23]
[287.39]
[286.48]
[291.57]
[281.8]
[264.28]
[263.08]
[277.25]
[287.44]
[280.59]
[300.54]
[283.69]
[8.54]
[94.08]
[218.51]
[285.69]
[284.49]
[346.09]
[278.95]
[282.52]
[317.75]
[279.65]
[0.0]
[316.31]
[311.91]
[269.79]
[259.79]
[260.12]
[226.65]
[288.01]
[0.0]
[280.13]
[308.73]
[291.09]
[273.59]
[327.54]
[326.41]
[241.26]
[270.55]
[208.29]
[281.34]
[293.59]
[290.06]
[359.68]
[274.58]
[282.45]
[218.12]
[298.52]
[322.42]
[285.66]
[283.68]
[267.15]
[307.26]
[169.65]
[279.35]
[315.87]
[282.71]
[359.68]
[347.74]
[19.79]
[94.08]
[323.14]
[299.2]
[180.0]
[302.62]
[277.03]
[310.48]
[284.66]
[300.87]
[274.75]
[290.52]
[292.63]
[297.69]
[286.97]
[193.37]
[42.06]
[286.61]
[7.73]
[273.78]
[283.8]
[290.44]
[283.62]
[318.87]
[336.49]
[12.0]
[288.48]
[296.22]
[284.75]
[331.38]
[302.62]
[290.19]
[266.06]
[308.55]
[292.63]
[291.72]
[277.91]
[266.06]
[281.44]
[253.92]
[270.0]
[256.8]
[279.86]
[318.87]
[208.29]
[288.16]
[264.57]
[256.2]
[302.12]
[288.42]
[304.07]
[266.78]
[293.34]
[342.34]
[296.49]
[180.0]
[268.27]
[300.28]
[288.62]
[234.2]
[277.86]
[296.78]
[278.91]
[287.77]
[280.72]
[291.24]
[285.21]
[37.7]
[264.26]
[0.0]
[291.67]
[272.92]
[292.74]
[290.47]
[255.59]
[277.46]
[290.85]
[155.42]
[295.99]
[218.51]
[280.97]
[346.09]
[274.58]
[359.68]
[285.41]
[290.94]
[311.91]
[289.53]
[278.43]
[325.16]
[280.01]
[280.58]
[282.77]
[310.48]
[302.62]
[290.19]
[288.38]
[306.33]
[285.29]
[318.26]
[248.55]
[295.94]
[326.41]
[208.29]
[329.13]
[259.92]
[287.03]
[287.51]
[310.38]
[328.68]
[283.59]
[285.83]
[63.6]
[343.78]
[292.62]
[207.41]
[291.26]
[0.0]
[308.94]
[291.67]
[275.84]
[275.75]
[257.13]
[63.64]
[58.61]
[261.36]
[280.97]
[323.43]
[289.51]
[337.98]
[270.5]
[320.11]
[303.47]
[0.0]
[304.05]
[288.31]
[278.91]
[293.89]
[269.06]
[275.92]
[295.2]
[310.99]
[311.11]
[313.45]
[291.69]
[286.43]
[328.74]
[335.86]
[286.74]
[283.8]
[293.23]
[293.72]
[292.63]
[266.06]
[284.49]
[253.43]
[342.75]
[68.23]
[133.53]
[33.7]
[287.88]
[283.62]
[274.57]
[297.64]
[282.68]
[274.06]
[300.45]
[286.83]
[259.79]
[286.77]
[281.82]
[308.73]
[310.48]
[279.97]
[180.0]
[343.78]
[313.35]
[133.53]
[291.26]
[268.19]
[278.06]
[0.0]
[257.17]
[263.18]
[1.36]
[311.91]
[208.29]
[293.34]
[0.0]
[292.11]
[287.39]
[269.57]
[274.95]
[195.8]
[52.66]
[90.0]
[0.0]
[293.8]
[313.35]
[236.27]
[141.21]
[281.73]
[292.74]
[292.61]
[292.33]
[193.37]
[270.0]
[286.01]
[236.98]
[328.68]
[68.23]
[63.6]
[320.97]
[33.7]
[287.12]
[279.55]
[301.08]
[275.28]
[246.77]
[278.55]
[54.16]
[308.11]
[221.54]
[302.4]
[309.32]
[343.34]
[240.67]
[317.33]
[216.11]
[61.95]
[229.46]
[309.54]
[312.21]
[273.36]
[288.03]
[315.83]
[340.31]
[180.0]
[218.51]
[280.97]
[312.1]
[293.18]
[308.73]
[337.98]
[34.91]
[269.59]
[310.38]
[297.93]
[155.42]
[42.06]
[284.75]
[244.01]
[309.92]
[191.53]
[302.74]
[290.79]
[302.43]
[291.02]
[286.3]
[308.94]
[289.2]
[286.6]
[42.06]
[320.11]
[323.14]
[318.87]
[286.13]
[273.58]
[286.93]
[312.46]
[317.52]
[279.23]
[253.12]
[296.22]
[281.5]
[230.38]
[307.29]
[279.32]
[289.54]
[329.13]
[296.83]
[294.5]
[286.57]
[274.06]
[291.25]
[321.04]
[288.76]
[296.62]
[288.01]
[294.81]
[308.73]
[342.57]
[291.5]
[326.41]
[309.92]
[43.09]
[339.76]
[303.62]
[287.46]
[284.94]
[306.2]
[240.67]
[289.13]
[296.83]
[312.23]
[274.45]
[320.07]
[321.95]
[326.41]
[265.8]
[329.13]
[269.09]
[284.39]
[266.06]
[291.66]
[43.09]
[218.12]
[305.65]
[281.23]
[273.86]
[275.75]
[262.75]
[289.23]
[309.32]
[328.74]
[353.39]
[346.89]
[94.08]
[94.08]
[291.24]
[293.22]
[68.31]
[311.73]
[1.36]
[359.08]
[268.19]
[155.42]
[287.17]
[218.51]
[296.62]
[333.66]
[37.7]
[287.36]
[301.8]
[305.05]
[294.37]
[270.0]
[54.16]
[326.41]
[347.82]
[291.7]
[285.96]
[285.04]
[330.12]
[282.64]
[289.42]
[279.86]
[291.76]
[287.35]
[278.91]
[234.83]
[273.05]
[282.5]
[349.96]
[316.38]
[261.29]
[287.69]
[280.88]
[12.0]
[285.69]
[312.1]
[285.69]
[277.15]
[290.59]
[269.59]
[275.75]
[292.09]
[273.24]
[275.75]
[297.69]
[133.53]
[288.04]
[356.37]
[286.32]
[250.9]
[280.97]
[288.23]
[224.58]
[264.13]
[359.65]
[289.1]
[295.31]
[329.07]
[290.34]
[293.04]
[274.65]
[277.38]
[343.34]
[68.23]
[68.31]
[270.0]
[33.7]
[302.85]
[296.69]
[289.99]
[291.88]
[346.89]
[218.51]
[294.47]
[236.27]
[346.09]
[281.17]
[294.35]
[221.54]
[288.25]
[279.04]
[273.59]
[303.06]
[254.42]
[292.86]
[285.39]
[287.93]
[282.19]
[296.16]
[291.81]
[296.61]
[294.79]
[291.39]
[296.87]
[286.02]
[293.54]
[287.28]
[286.46]
[294.64]
[288.89]
[290.81]
[288.22]
[283.22]
[288.78]
[286.36]
[286.6]
[292.33]
[291.51]
[287.46]
[289.8]
[287.55]
[282.03]
[292.17]
[285.46]
[292.28]
[290.6]
[290.93]
[285.36]
[288.47]
[290.57]
[279.74]
[291.47]
[285.95]
[280.3]
[291.82]
[286.94]
[288.08]
[277.59]
[294.81]
[287.12]
[284.58]
[292.38]
[295.31]
[286.76]
[289.1]
[282.4]
[285.17]
[293.92]
[291.8]
[294.01]
[283.21]
[294.48]
[289.44]
[290.98]
[285.04]
[294.35]
[288.8]
[293.71]
[293.02]
[301.36]
[285.03]
[281.98]
[282.68]
[282.58]
[292.91]
[284.85]
[284.99]
[291.69]
[286.53]
[281.56]
[288.01]
[286.9]
[293.45]
[281.02]
[297.06]
[270.82]
[282.94]
[284.94]
[285.71]
[284.75]
[277.92]
[289.11]
[285.46]
[281.3]
[269.62]
[280.21]
[283.52]
[287.81]
[219.66]
[255.18]
[263.91]
[313.0]
[298.22]
[288.79]
[295.52]
[291.93]
[203.16]
[285.05]
[284.38]
[234.4]
[253.27]
[279.69]
[280.43]
[291.69]
[261.18]
[292.02]
[283.92]
[289.01]
[285.46]
[275.49]
[293.62]
[288.38]
[262.87]
[279.38]
[283.0]
[262.2]
[298.61]
[288.41]
[283.6]
[291.69]
[253.25]
[329.71]
[288.44]
[283.86]
[298.48]
[321.99]
[288.9]
[286.93]
[0.0]
[277.21]
[264.26]
[285.47]
[316.32]
[282.47]
[289.37]
[302.39]
[283.99]
[272.46]
[321.01]
[261.18]
[276.37]
[276.42]
[312.88]
[297.56]
[290.91]
[294.13]
[287.82]
[267.9]
[288.98]
[269.63]
[216.79]
[297.31]
[301.84]
[270.96]
[283.39]
[280.0]
[291.41]
[250.97]
[253.69]
[113.81]
[305.62]
[272.5]
[278.3]
[283.49]
[282.57]
[222.71]
[292.18]
[276.28]
[309.46]
[320.08]
[278.66]
[262.87]
[315.32]
[300.36]
[283.86]
[287.98]
[288.42]
[297.11]
[279.17]
[292.4]
[257.39]
[280.27]
[293.81]
[291.93]
[300.82]
[301.97]
[289.99]
[321.84]
[288.23]
[228.49]
[312.92]
[308.11]
[295.09]
[275.78]
[327.14]
[299.65]
[294.42]
[300.9]
[321.04]
[282.63]
[293.98]
[300.9]
[286.96]
[303.23]
[272.75]
[293.15]
[292.92]
[286.31]
[0.0]
[285.53]
[296.11]
[294.57]
[0.0]
[295.14]
[290.31]
[345.85]
[321.84]
[284.0]
[274.28]
[297.27]
[2.96]
[284.73]
[271.74]
[277.32]
[180.0]
[280.0]
[306.81]
[278.33]
[290.88]
[294.44]
[307.62]
[289.59]
[282.18]
[293.81]
[293.93]
[286.38]
[291.62]
[311.77]
[275.98]
[300.51]
[285.66]
[285.1]
[290.91]
[231.82]
[278.16]
[294.79]
[306.86]
[286.04]
[290.42]
[184.22]
[295.78]
[273.65]
[277.98]
[261.55]
[298.95]
[280.35]
[280.12]
[283.76]
[284.5]
[283.74]
[292.98]
[321.44]
[288.55]
[298.86]
[287.57]
[281.48]
[270.29]
[289.48]
[286.11]
[313.07]
[273.23]
[316.32]
[271.92]
[279.46]
[280.23]
[280.45]
[290.89]
[281.28]
[250.68]
[290.31]
[193.04]
[295.74]
[277.68]
[297.0]
[268.53]
[291.71]
[304.48]
[315.08]
[291.89]
[284.38]
[351.71]
[12.6]
[289.93]
[306.33]
[287.93]
[276.0]
[286.58]
[307.89]
[293.16]
[0.0]
[281.95]
[272.54]
[285.77]
[297.03]
[216.79]
[180.0]
[304.82]
[289.1]
[292.31]
[283.07]
[313.3]
[348.06]
[286.15]
[276.91]
[288.96]
[273.59]
[308.33]
[285.33]
[277.71]
[290.1]
[280.91]
[253.46]
[282.69]
[295.49]
[319.11]
[273.36]
[283.52]
[294.82]
[295.33]
[293.86]
[313.07]
[285.4]
[301.11]
[290.11]
[312.45]
[270.26]
[299.62]
[296.54]
[282.07]
[173.41]
[286.95]
[287.38]
[287.74]
[279.56]
[253.69]
[287.08]
[310.09]
[276.4]
[287.04]
[284.34]
[276.74]
[250.85]
[274.65]
[282.57]
[284.55]
[296.11]
[287.7]
[275.89]
[292.38]
[322.21]
[288.02]
[225.25]
[285.84]
[292.72]
[290.53]
[312.43]
[274.21]
[281.37]
[281.9]
[279.86]
[254.75]
[284.98]
[281.06]
[323.17]
[297.05]
[265.16]
[259.68]
[323.17]
[288.06]
[313.07]
[271.66]
[269.62]
[284.23]
[299.34]
[192.2]
[358.81]
[355.99]
[294.92]
[319.99]
[288.51]
[236.46]
[352.2]
[4.68]
[312.12]
[267.04]
[239.31]
[304.65]
[275.78]
[260.36]
[236.46]
[292.92]
[270.79]
[281.07]
[293.98]
[297.0]
[287.92]
[298.37]
[282.15]
[293.89]
[287.96]
[290.58]
[264.67]
[312.7]
[284.7]
[286.71]
[306.14]
[270.31]
[298.91]
[282.74]
[288.54]
[291.53]
[309.03]
[302.2]
[311.88]
[268.69]
[261.83]
[254.29]
[167.86]
[313.08]
[286.26]
[4.68]
[293.91]
[274.78]
[296.25]
[321.44]
[309.07]
[292.53]
[302.06]
[257.44]
[244.76]
[274.02]
[284.55]
[264.26]
[284.06]
[294.92]
[286.45]
[-0.0]
[287.22]
[283.53]
[300.35]
[275.82]
[292.51]
[288.71]
[317.83]
[225.25]
[290.66]
[262.87]
[0.0]
[320.79]
[280.62]
[258.74]
[355.37]
[270.29]
[295.88]
[295.66]
[278.83]
[295.27]
[294.44]
[298.94]
[299.64]
[295.15]
[284.09]
[286.56]
[285.48]
[290.76]
[293.81]
[311.08]
[0.0]
[290.92]
[298.33]
[304.88]
[294.62]
[2.76]
[286.36]
[222.71]
[290.7]
[253.25]
[298.59]
[288.34]
[283.06]
[280.71]
[287.24]
[307.11]
[329.89]
[294.98]
[282.03]
[299.16]
[279.32]
[249.92]
[285.82]
[312.98]
[254.75]
[247.52]
[285.47]
[284.54]
[273.55]
[318.33]
[252.13]
[296.99]
[287.95]
[271.44]
[180.0]
[335.02]
[294.53]
[300.97]
[269.15]
[290.94]
[292.72]
[287.75]
[285.75]
[288.12]
[264.91]
[305.24]
[291.28]
[288.74]
[285.85]
[294.18]
[290.27]
[297.49]
[282.5]
[290.68]
[268.32]
[303.2]
[288.08]
[299.92]
[246.08]
[285.34]
[282.98]
[291.36]
[291.46]
[288.12]
[321.44]
[302.39]
[311.97]
[283.18]
[256.69]
[297.31]
[288.02]
[293.88]
[288.01]
[272.93]
[285.22]
[282.81]
[290.94]
[291.55]
[267.49]
[270.0]
[276.43]
[278.67]
[310.97]
[289.65]
[272.87]
[295.74]
[280.24]
[321.84]
[295.26]
[292.46]
[305.13]
[289.64]
[295.88]
[287.46]
[285.35]
[298.51]
[280.11]
[302.1]
[297.0]
[321.44]
[310.03]
[272.15]
[288.75]
[287.3]
[321.99]
[303.85]
[298.2]
[324.38]
[0.0]
[291.78]
[301.89]
[303.63]
[286.63]
[313.27]
[291.75]
[192.2]
[152.28]
[289.23]
[293.52]
[296.72]
[218.21]
[304.36]
[266.02]
[291.63]
[285.35]
[291.06]
[302.69]
[303.67]
[291.24]
[280.8]
[203.08]
[282.3]
[283.41]
[262.87]
[285.14]
[286.29]
[286.78]
[258.39]
[286.63]
[302.18]
[276.11]
[293.57]
[301.64]
[287.04]
[284.04]
[288.48]
[289.69]
[318.78]
[209.42]
[296.55]
[270.96]
[278.56]
[276.16]
[219.66]
[214.56]
[288.09]
[279.56]
[286.25]
[263.77]
[286.24]
[287.88]
[273.87]
[285.44]
[283.37]
[201.26]
[305.55]
[291.33]
[262.87]
[282.7]
[0.0]
[302.9]
[292.46]
[269.06]
[297.09]
[297.4]
[264.03]
[279.14]
[303.62]
[282.12]
[301.85]
[319.49]
[312.57]
[287.57]
[283.2]
[289.17]
[307.53]
[201.26]
[286.43]
[283.06]
[214.26]
[319.11]
[301.12]
[283.38]
[284.46]
[282.56]
[256.35]
[286.16]
[267.07]
[283.24]
[279.76]
[287.62]
[304.29]
[274.13]
[260.79]
[255.94]
[289.01]
[285.11]
[287.17]
[291.89]
[237.79]
[314.3]
[275.75]
[280.9]
[285.92]
[287.35]
[307.93]
[273.7]
[275.49]
[277.19]
[293.31]
[277.81]
[264.38]
[296.24]
[272.58]
[287.17]
[292.81]
[204.78]
[287.71]
[291.95]
[294.59]
[294.16]
[252.13]
[261.76]
[295.6]
[289.9]
[294.13]
[357.68]
[283.38]
[278.42]
[289.04]
[290.68]
[262.87]
[322.64]
[275.78]
[278.21]
[294.73]
[283.74]
[322.75]
[283.71]
[301.07]
[272.42]
[203.6]
[298.42]
[278.63]
[268.09]
[305.39]
[289.17]
[203.4]
[248.67]
[286.85]
[295.95]
[297.29]
[209.42]
[283.57]
[305.02]
[194.06]
[284.47]
[288.02]
[252.52]
[289.41]
[302.3]
[274.79]
[296.14]
[279.84]
[276.7]
[279.28]
[284.76]
[289.94]
[290.29]
[298.74]
[290.91]
[273.01]
[295.57]
[273.0]
[266.21]
[307.36]
[289.75]
[284.98]
[285.64]
[286.56]
[255.94]
[269.62]
[310.58]
[260.36]
[0.0]
[270.89]
[348.06]
[303.43]
[277.73]
[294.77]
[314.8]
[276.81]
[284.59]
[299.81]
[289.14]
[283.03]
[300.53]
[184.22]
[284.16]
[291.09]
[287.65]
[283.7]
[294.26]
[321.84]
[289.19]
[293.72]
[306.08]
[244.76]
[12.6]
[270.0]
[288.24]
[180.0]
[264.03]
[180.0]
[298.37]
[124.38]
[317.27]
[293.6]
[287.22]
[252.72]
[295.24]
[281.38]
[252.53]
[306.42]
[277.73]
[274.5]
[280.23]
[289.18]
[294.9]
[306.72]
[287.58]
[330.19]
[284.96]
[292.63]
[267.23]
[285.6]
[289.56]
[226.21]
[317.49]
[291.24]
[284.72]
[277.92]
[285.49]
[312.98]
[314.52]
[295.27]
[295.93]
[280.65]
[286.44]
[279.3]
[0.0]
[297.84]
[273.65]
[291.16]
[286.86]
[305.62]
[278.79]
[279.48]
[271.04]
[286.77]
[282.67]
[308.25]
[289.86]
[284.05]
[314.3]
[225.25]
[296.76]
[306.07]
[295.17]
[291.97]
[284.54]
[301.58]
[252.13]
[283.91]
[293.81]
[290.07]
[294.88]
[300.32]
[-0.0]
[278.92]
[-0.0]
[317.26]
[282.9]
[313.07]
[278.53]
[284.55]
[283.43]
[250.68]
[297.76]
[287.75]
[261.38]
[292.53]
[152.28]
[293.98]
[288.95]
[308.11]
[283.57]
[285.2]
[298.15]
[296.51]
[293.91]
[272.54]
[285.36]
[295.81]
[348.06]
[289.96]
[291.45]
[276.4]
[255.44]
[-0.0]
[288.75]
[275.89]
[274.57]
[150.99]
[241.92]
[295.98]
[246.08]
[280.75]
[277.65]
[277.29]
[331.35]
[294.13]
[284.05]
[279.14]
[273.72]
[293.81]
[288.52]
[297.77]
[285.19]
[259.35]
[273.59]
[295.78]
[273.65]
[-0.0]
[266.6]
[292.79]
[288.11]
[287.19]
[263.55]
[282.52]
[283.32]
[319.11]
[321.99]
[288.42]
[301.11]
[284.57]
[301.39]
[293.38]
[283.09]
[274.18]
[277.05]
[285.38]
[287.54]
[277.51]
[299.66]
[304.43]
[285.42]
[286.18]
[288.2]
[252.72]
[312.98]
[304.74]
[288.56]
[318.78]
[303.26]
[290.15]
[281.23]
[300.11]
[271.15]
[258.24]
[274.13]
[301.11]
[296.54]
[286.25]
[301.04]
[286.94]
[295.48]
[228.25]
[288.47]
[284.3]
[276.99]
[0.0]
[267.97]
[303.15]
[304.88]
[308.61]
[289.73]
[253.69]
[280.85]
[287.34]
[288.92]
[294.24]
[249.65]
[281.77]
[278.23]
[293.66]
[326.05]
[235.21]
[302.42]
[271.51]
[291.77]
[274.91]
[301.78]
[9.05]
[290.38]
[279.59]
[228.25]
[289.9]
[297.03]
[284.54]
[271.43]
[282.56]
[284.69]
[303.62]
[265.47]
[283.53]
[-0.0]
[283.52]
[271.9]
[274.14]
[317.49]
[184.22]
[301.51]
[272.28]
[180.0]
[302.17]
[297.87]
[284.22]
[285.68]
[323.17]
[280.19]
[282.07]
[270.0]
[298.53]
[280.24]
[270.0]
[299.21]
[286.83]
[295.73]
[298.24]
[295.87]
[286.77]
[253.69]
[267.41]
[303.06]
[272.24]
[286.29]
[290.01]
[275.65]
[-0.0]
[276.51]
[319.7]
[289.99]
[297.65]
[292.77]
[218.07]
[288.46]
[274.13]
[299.81]
[268.49]
[265.04]
[302.53]
[280.85]
[289.13]
[280.0]
[225.25]
[294.9]
[293.38]
[287.04]
[274.13]
[266.21]
[209.42]
[262.2]
[291.46]
[302.81]
[280.18]
[288.62]
[307.91]
[265.17]
[283.52]
[308.61]
[314.24]
[287.44]
[298.17]
[181.0]
[321.4]
[124.38]
[286.96]
[337.06]
[264.29]
[311.88]
[293.59]
[315.06]
[293.68]
[167.86]
[282.1]
[290.21]
[282.58]
[-0.0]
[276.3]
[286.33]
[284.76]
[288.61]
[278.99]
[293.84]
[293.32]
[273.53]
[287.91]
[288.5]
[287.88]
[270.0]
[278.21]
[297.42]
[277.66]
[236.84]
[294.39]
[281.5]
[282.34]
[280.53]
[311.58]
[284.87]
[286.05]
[277.27]
[281.9]
[294.8]
[281.54]
[258.58]
[0.0]
[345.41]
[293.34]
[276.44]
[214.26]
[287.13]
[289.04]
[288.55]
[285.91]
[287.12]
[283.29]
[292.9]
[11.59]
[232.37]
[23.35]
[299.76]
[296.04]
[295.23]
[293.08]
[290.47]
[291.99]
[282.0]
[6.7]
[312.88]
[330.94]
[327.37]
[291.74]
[284.83]
[296.85]
[295.6]
[312.47]
[287.24]
[276.58]
[279.74]
[278.15]
[285.44]
[297.51]
[288.62]
[330.25]
[270.0]
[283.5]
[176.55]
[301.33]
[321.3]
[312.98]
[278.33]
[284.15]
[308.07]
[241.14]
[291.43]
[314.3]
[284.55]
[282.56]
[318.79]
[291.87]
[271.46]
[175.85]
[342.26]
[292.3]
[271.04]
[314.3]
[289.9]
[351.1]
[276.44]
[297.78]
[301.66]
[267.7]
[293.81]
[309.34]
[284.5]
[272.69]
[275.98]
[296.12]
[302.43]
[295.42]
[-0.0]
[286.57]
[283.13]
[280.9]
[290.22]
[285.25]
[283.23]
[284.72]
[282.74]
[313.49]
[283.91]
[296.39]
[290.74]
[285.26]
[289.17]
[247.85]
[290.44]
[250.91]
[287.99]
[297.09]
[320.48]
[306.08]
[275.55]
[293.81]
[290.16]
[-0.0]
[-0.0]
[287.77]
[287.76]
[286.53]
[271.8]
[268.32]
[302.82]
[281.24]
[267.32]
[285.13]
[257.39]
[302.91]
[287.09]
[294.97]
[203.4]
[274.24]
[286.44]
[274.74]
[288.85]
[282.04]
[288.98]
[283.06]
[285.82]
[279.52]
[283.35]
[287.94]
[282.47]
[287.04]
[280.72]
[290.05]
[283.44]
[285.27]
[180.0]
[285.0]
[287.58]
[180.0]
[295.99]
[287.72]
[280.69]
[279.28]
[275.96]
[285.0]
[280.61]
[280.95]
[282.76]
[279.09]
[287.64]
[294.89]
[288.99]
[285.33]
[296.65]
[290.34]
[235.71]
[293.47]
[291.81]
[291.61]
[279.19]
[298.2]
[292.94]
[270.0]
[289.69]
[274.91]
[270.7]
[331.35]
[272.98]
[316.32]
[293.61]
[299.62]
[258.24]
[274.91]
[277.3]
[250.23]
[243.83]
[303.92]
[218.39]
[294.88]
[274.73]
[215.16]
[274.59]
[297.08]
[297.0]
[282.75]
[274.74]
[287.96]
[283.42]
[282.03]
[283.32]
[281.32]
[284.08]
[273.88]
[283.19]
[306.54]
[288.28]
[297.25]
[284.45]
[284.16]
[289.32]
[288.22]
[266.5]
[233.03]
[204.78]
[216.79]
[286.22]
[288.48]
[254.78]
[291.45]
[288.52]
[278.63]
[218.21]
[257.03]
[286.8]
[285.8]
[300.45]
[298.73]
[294.24]
[301.29]
[337.06]
[287.41]
[14.25]
[332.08]
[286.65]
[241.14]
[307.75]
[261.76]
[291.22]
[286.79]
[302.83]
[246.25]
[282.88]
[263.98]
[288.41]
[270.97]
[285.86]
[285.84]
[271.98]
[291.92]
[285.88]
[291.46]
[280.68]
[288.35]
[280.95]
[295.66]
[298.27]
[285.32]
[279.48]
[291.16]
[275.86]
[301.98]
[285.6]
[295.44]
[292.34]
[257.24]
[313.07]
[0.0]
[341.62]
[290.21]
[274.19]
[284.86]
[0.0]
[305.71]
[290.6]
[287.27]
[304.88]
[291.19]
[333.62]
[278.9]
[286.75]
[304.29]
[301.79]
[280.9]
[270.29]
[294.45]
[278.81]
[290.42]
[282.17]
[262.71]
[280.8]
[31.78]
[296.55]
[255.96]
[312.71]
[319.49]
[307.53]
[295.44]
[236.84]
[285.25]
[288.32]
[311.53]
[110.68]
[270.0]
[358.17]
[280.56]
[295.24]
[287.86]
[281.36]
[284.28]
[297.5]
[286.87]
[286.77]
[300.71]
[283.54]
[282.54]
[285.76]
[291.07]
[306.44]
[0.0]
[277.43]
[294.24]
[311.16]
[309.76]
[290.69]
[-0.0]
[250.68]
[301.49]
[285.94]
[281.71]
[244.89]
[239.46]
[292.78]
[300.84]
[300.77]
[287.22]
[255.18]
[192.2]
[220.49]
[285.96]
[288.34]
[290.9]
[285.95]
[287.27]
[292.79]
[287.74]
[288.2]
[271.15]
[289.26]
[231.15]
[279.73]
[270.0]
[293.38]
[287.08]
[285.16]
[288.27]
[296.24]
[268.09]
[280.77]
[280.99]
[244.76]
[295.16]
[312.98]
[291.31]
[305.96]
[299.21]
[215.85]
[283.98]
[317.76]
[303.29]
[283.61]
[300.52]
[300.44]
[294.6]
[285.7]
[281.48]
[285.19]
[285.67]
[290.73]
[276.83]
[0.0]
[287.22]
[250.98]
[280.77]
[152.28]
[292.19]
[298.37]
[304.88]
[268.07]
[298.87]
[286.37]
[293.78]
[330.58]
[288.09]
[291.61]
[293.96]
[255.21]
[292.79]
[286.59]
[288.2]
[324.78]
[298.18]
[299.58]
[271.95]
[293.98]
[288.93]
[301.1]
[279.67]
[292.79]
[284.02]
[287.19]
[281.59]
[290.64]
[289.7]
[282.15]
[295.47]
[306.27]
[288.32]
[277.75]
[294.65]
[280.0]
[282.92]
[288.84]
[283.46]
[286.8]
[270.0]
[278.75]
[279.68]
[278.5]
[293.82]
[278.17]
[271.58]
[288.33]
[192.2]
[294.51]
[274.96]
[265.04]
[278.72]
[300.44]
[301.29]
[282.47]
[285.49]
[348.06]
[275.98]
[290.25]
[300.51]
[287.29]
[291.86]
[289.58]
[235.71]
[287.18]
[277.61]
[200.24]
[285.68]
[323.17]
[268.01]
[287.25]
[302.76]
[288.91]
[310.0]
[290.12]
[273.43]
[282.45]
[216.79]
[268.33]
[313.74]
[200.24]
[286.84]
[289.74]
[261.56]
[289.98]
[253.25]
[307.89]
[0.0]
[285.08]
[283.2]
[284.8]
[289.3]
[283.8]
[296.62]
[282.24]
[283.35]
[358.17]
[286.07]
[287.57]
[291.46]
[284.66]
[281.81]
[282.76]
[291.27]
[283.63]
[292.94]
[235.71]
[254.0]
[282.98]
[278.13]
[290.56]
[289.81]
[287.91]
[277.47]
[280.44]
[319.78]
[277.77]
[292.63]
[286.79]
[297.0]
[296.46]
[295.83]
[267.32]
[259.99]
[260.79]
[262.2]
[289.24]
[282.62]
[283.28]
[289.17]
[294.88]
[295.3]
[282.16]
[290.57]
[287.69]
[286.81]
[308.25]
[295.55]
[266.84]
[284.74]
[301.2]
[290.74]
[283.43]
[282.9]
[290.95]
[284.75]
[288.21]
[298.12]
[284.45]
[304.6]
[291.99]
[292.64]
[287.12]
[218.21]
[278.92]
[281.62]
[293.3]
[283.09]
[283.33]
[259.35]
[295.72]
[281.5]
[300.97]
[262.18]
[291.77]
[289.72]
[281.33]
[292.74]
[297.45]
[310.31]
[287.11]
[298.87]
[285.64]
[258.58]
[296.76]
[301.31]
[261.38]
[313.48]
[286.76]
[308.25]
[272.12]
[293.78]
[295.87]
[257.55]
[286.74]
[294.33]
[257.64]
[289.97]
[294.81]
[274.34]
[280.72]
[9.05]
[293.81]
[292.8]
[-0.0]
[262.91]
[295.4]
[306.52]
[17.3]
[289.45]
[177.37]
[323.41]
[296.72]
[277.87]
[288.23]
[246.25]
[283.66]
[288.27]
[292.77]
[271.83]
[282.19]
[272.1]
[180.0]
[272.1]
[321.99]
[278.3]
[293.96]
[280.24]
[265.44]
[280.71]
[270.0]
[254.75]
[288.95]
[310.02]
[272.73]
[294.56]
[289.83]
[284.84]
[307.96]
[235.71]
[283.45]
[294.19]
[185.88]
[300.9]
[289.36]
[294.27]
[287.93]
[298.93]
[0.0]
[299.21]
[298.35]
[276.22]
[282.01]
[315.08]
[244.76]
[290.79]
[292.8]
[293.5]
[286.16]
[258.24]
[302.41]
[314.32]
[290.97]
[177.37]
[287.88]
[281.96]
[300.32]
[276.34]
[233.03]
[262.2]
[280.9]
[2.76]
[282.37]
[280.43]
[285.0]
[250.53]
[286.93]
[228.25]
[285.64]
[250.06]
[319.97]
[287.18]
[304.26]
[283.26]
[241.14]
[286.12]
[322.45]
[250.87]
[307.97]
[323.95]
[285.45]
[270.82]
[293.9]
[304.25]
[287.92]
[288.38]
[286.05]
[251.97]
[250.84]
[319.96]
[285.96]
[308.15]
[318.92]
[296.04]
[285.84]
[21.33]
[283.53]
[270.29]
[295.25]
[275.26]
[201.26]
[280.21]
[312.96]
[253.25]
[299.18]
[275.79]
[270.0]
[286.9]
[276.31]
[236.46]
[325.72]
[327.37]
[277.97]
[285.02]
[283.97]
[241.67]
[311.44]
[286.08]
[307.67]
[355.99]
[284.47]
[317.49]
[313.52]
[287.83]
[246.25]
[284.77]
[287.02]
[268.36]
[283.55]
[281.52]
[297.23]
[278.81]
[283.2]
[303.26]
[291.46]
[278.43]
[0.0]
[302.93]
[291.03]
[278.19]
[290.27]
[277.42]
[269.11]
[259.37]
[271.92]
[276.16]
[239.97]
[285.11]
[282.26]
[284.82]
[291.34]
[212.43]
[281.57]
[270.0]
[281.5]
[312.52]
[290.0]
[282.77]
[312.59]
[175.85]
[279.11]
[304.07]
[242.49]
[275.98]
[124.38]
[288.92]
[266.23]
[291.24]
[309.96]
[281.21]
[275.49]
[310.76]
[256.79]
[303.51]
[290.09]
[281.93]
[287.2]
[261.57]
[295.44]
[280.65]
[310.53]
[297.78]
[298.13]
[284.08]
[200.24]
[312.24]
[226.21]
[289.99]
[283.0]
[275.89]
[341.99]
[290.14]
[283.36]
[296.13]
[318.49]
[283.26]
[284.12]
[274.7]
[268.32]
[278.99]
[290.05]
[297.0]
[243.8]
[287.17]
[287.45]
[291.66]
[274.49]
[287.15]
[278.06]
[284.3]
[282.21]
[279.56]
[302.56]
[304.26]
[285.46]
[280.91]
[292.18]
[282.32]
[295.56]
[304.46]
[277.42]
[253.28]
[239.46]
[278.63]
[278.76]
[290.22]
[283.68]
[267.22]
[232.06]
[323.36]
[275.89]
[271.25]
[341.99]
[265.91]
[272.29]
[295.49]
[305.33]
[296.6]
[218.07]
[275.09]
[283.35]
[294.81]
[266.6]
[302.7]
[291.85]
[293.25]
[270.0]
[270.0]
[287.26]
[287.7]
[329.87]
[358.17]
[289.5]
[285.58]
[288.78]
[285.53]
[295.7]
[283.59]
[290.58]
[284.12]
[284.65]
[291.92]
[282.35]
[285.7]
[271.89]
[291.48]
[313.44]
[283.84]
[313.07]
[225.25]
[288.13]
[288.0]
[298.28]
[287.35]
[283.36]
[306.35]
[255.96]
[240.77]
[287.85]
[276.26]
[301.1]
[174.03]
[291.43]
[300.55]
[276.93]
[295.72]
[290.44]
[296.29]
[288.87]
[302.91]
[285.96]
[239.27]
[281.16]
[285.35]
[251.79]
[204.78]
[216.79]
[288.85]
[267.64]
[308.7]
[292.91]
[225.25]
[259.99]
[269.91]
[282.3]
[288.65]
[286.84]
[294.67]
[277.38]
[282.1]
[291.6]
[282.76]
[291.91]
[290.23]
[253.25]
[302.87]
[261.97]
[290.43]
[282.15]
[284.43]
[351.45]
[282.8]
[281.07]
[281.9]
[293.43]
[287.71]
[281.9]
[285.6]
[110.68]
[277.26]
[291.47]
[291.17]
[283.61]
[293.3]
[323.27]
[289.99]
[312.44]
[276.89]
[347.95]
[314.89]
[289.84]
[257.44]
[287.71]
[282.2]
[286.03]
[288.62]
[290.66]
[290.23]
[284.69]
[284.91]
[249.3]
[274.65]
[326.06]
[299.1]
[0.06]
[282.04]
[279.27]
[233.03]
[289.22]
[300.72]
[316.06]
[276.55]
[309.79]
[287.75]
[286.09]
[272.09]
[269.88]
[282.79]
[293.58]
[291.06]
[311.53]
[293.16]
[310.66]
[299.52]
[289.58]
[293.07]
[284.59]
[288.08]
[261.55]
[304.42]
[281.69]
[241.67]
[271.2]
[180.0]
[300.27]
[291.37]
[288.23]
[275.78]
[286.5]
[306.42]
[283.39]
[289.92]
[180.0]
[310.66]
[300.78]
[251.79]
[270.0]
[216.79]
[273.23]
[289.19]
[285.2]
[303.67]
[302.91]
[285.64]
[324.11]
[324.15]
[-0.0]
[270.0]
[262.94]
[279.81]
[275.1]
[289.56]
[288.81]
[277.44]
[270.0]
[280.79]
[316.27]
[297.62]
[271.66]
[285.35]
[287.18]
[298.48]
[285.18]
[285.12]
[287.8]
[288.6]
[283.69]
[279.9]
[285.95]
[286.41]
[283.23]
[281.0]
[180.0]
[285.6]
[277.47]
[282.68]
[290.11]
[282.26]
[284.05]
[277.78]
[283.2]
[282.7]
[291.38]
[271.66]
[287.75]
[294.8]
[288.01]
[284.24]
[284.45]
[284.61]
[281.74]
[282.93]
[270.0]
[278.72]
[283.54]
[291.59]
[281.5]
[292.24]
[279.48]
[278.0]
[293.28]
[281.67]
[289.87]
[298.37]
[280.64]
[284.88]
[290.98]
[278.65]
[286.63]
[289.01]
[284.99]
[294.03]
[282.77]
[289.42]
[299.04]
[289.37]
[274.95]
[280.67]
[-0.0]
[321.99]
[315.74]
[289.01]
[301.11]
[333.62]
[292.91]
[312.39]
[320.68]
[255.96]
[302.29]
[316.36]
[323.8]
[251.64]
[218.07]
[303.43]
[218.39]
[299.16]
[304.6]
[291.19]
[176.55]
[72.23]
[280.44]
[288.33]
[297.09]
[286.57]
[296.82]
[312.2]
[294.89]
[288.17]
[305.7]
[293.14]
[284.0]
[299.48]
[292.91]
[289.11]
[296.13]
[346.97]
[297.48]
[312.45]
[278.98]
[278.61]
[287.71]
[284.77]
[282.23]
[280.81]
[293.43]
[284.52]
[291.12]
[283.57]
[279.62]
[279.09]
[293.15]
[180.0]
[288.99]
[296.02]
[293.81]
[308.6]
[-0.0]
[306.08]
[281.96]
[301.2]
[337.35]
[288.1]
[300.73]
[264.38]
[312.12]
[296.24]
[270.26]
[319.49]
[312.92]
[264.21]
[276.91]
[281.07]
[294.92]
[287.44]
[250.68]
[341.55]
[255.18]
[306.42]
[304.26]
[296.84]
[288.81]
[294.74]
[341.62]
[274.95]
[286.63]
[262.28]
[292.28]
[324.13]
[292.52]
[291.87]
[180.0]
[110.68]
[289.26]
[282.19]
[290.72]
[276.63]
[270.41]
[270.0]
[358.17]
[292.2]
[294.88]
[277.32]
[288.85]
[292.47]
[289.65]
[283.39]
[285.61]
[286.33]
[288.11]
[283.77]
[286.68]
[297.49]
[281.19]
[278.56]
[295.36]
[279.41]
[284.0]
[276.52]
[284.27]
[286.65]
[290.15]
[297.36]
[279.18]
[292.36]
[310.1]
[320.92]
[299.0]
[289.04]
[286.89]
[260.69]
[287.09]
[291.15]
[307.97]
[284.16]
[278.75]
[292.8]
[268.14]
[285.18]
[346.97]
[281.65]
[265.91]
[287.62]
[355.99]
[319.99]
[287.82]
[298.79]
[308.55]
[184.22]
[281.41]
[291.84]
[283.59]
[286.8]
[300.25]
[286.63]
[300.59]
[303.85]
[0.0]
[278.67]
[282.44]
[324.78]
[258.58]
[316.32]
[333.04]
[284.08]
[290.13]
[305.72]
[294.82]
[17.3]
[284.81]
[290.42]
[289.36]
[295.66]
[287.44]
[301.29]
[292.54]
[281.52]
[257.55]
[345.41]
[286.3]
[254.65]
[289.04]
[314.8]
[252.82]
[283.08]
[303.85]
[289.84]
[0.0]
[244.13]
[316.91]
[313.74]
[292.49]
[280.23]
[268.53]
[289.19]
[276.22]
[292.2]
[283.92]
[218.21]
[282.5]
[284.19]
[286.39]
[288.73]
[292.33]
[307.89]
[282.09]
[290.81]
[282.05]
[180.38]
[296.21]
[286.45]
[309.72]
[283.3]
[286.54]
[286.43]
[226.21]
[258.13]
[287.99]
[319.96]
[326.06]
[255.41]
[274.7]
[287.12]
[261.12]
[246.25]
[279.59]
[281.21]
[293.17]
[286.77]
[280.42]
[275.28]
[286.12]
[294.1]
[293.03]
[260.79]
[287.97]
[302.56]
[289.13]
[143.58]
[2.76]
[267.65]
[279.82]
[204.78]
[281.23]
[280.42]
[290.95]
[268.33]
[279.42]
[0.06]
[285.82]
[297.02]
[290.83]
[282.11]
[283.46]
[315.51]
[281.89]
[289.93]
[275.16]
[284.98]
[290.64]
[294.29]
[290.29]
[279.47]
[274.01]
[285.36]
[286.15]
[308.25]
[291.46]
[16.7]
[288.22]
[289.94]
[290.02]
[331.97]
[300.5]
[291.02]
[296.55]
[255.96]
[288.81]
[243.51]
[332.08]
[288.53]
[293.16]
[299.38]
[296.39]
[282.06]
[267.41]
[266.07]
[287.19]
[282.85]
[286.21]
[289.78]
[296.78]
[295.12]
[176.55]
[212.43]
[296.99]
[280.9]
[124.38]
[296.79]
[282.07]
[270.0]
[292.68]
[282.05]
[283.82]
[302.38]
[295.68]
[288.0]
[274.05]
[294.8]
[287.92]
[289.91]
[295.47]
[302.09]
[281.11]
[288.43]
[293.1]
[283.04]
[3.4]
[289.14]
[297.95]
[290.94]
[294.87]
[278.94]
[300.95]
[318.66]
[314.73]
[293.17]
[255.94]
[0.0]
[309.23]
[124.38]
[290.02]
[290.13]
[289.26]
[286.25]
[286.15]
[180.0]
[214.56]
[284.18]
[281.21]
[289.53]
[302.2]
[284.62]
[285.24]
[254.96]
[273.33]
[262.2]
[110.68]
[0.06]
[269.94]
[283.8]
[297.87]
[282.92]
[290.25]
[255.94]
[282.15]
[290.3]
[307.75]
[286.46]
[258.58]
[291.6]
[11.59]
[288.48]
[280.9]
[283.48]
[281.9]
[283.9]
[212.43]
[296.99]
[258.24]
[290.68]
[283.31]
[273.46]
[307.21]
[282.57]
[228.25]
[292.77]
[292.94]
[297.08]
[285.69]
[307.06]
[283.94]
[275.51]
[285.92]
[286.42]
[291.25]
[297.16]
[285.78]
[289.29]
[287.89]
[285.43]
[288.94]
[288.32]
[275.29]
[291.37]
[298.52]
[285.9]
[292.0]
[286.5]
[278.73]
[283.52]
[282.57]
[297.8]
[286.22]
[293.27]
[284.67]
[203.99]
[286.87]
[279.99]
[286.74]
[286.84]
[282.91]
[286.82]
[291.29]
[283.18]
[252.06]
[279.82]
[306.98]
[282.26]
[297.79]
[284.6]
[292.5]
[282.74]
[286.83]
[277.31]
[291.33]
[283.23]
[281.89]
[285.24]
[286.9]
[283.49]
[292.34]
[312.24]
[284.81]
[287.91]
[300.73]
[275.46]
[296.26]
[295.49]
[283.59]
[282.77]
[258.58]
[289.92]
[303.0]
[289.84]
[304.26]
[286.03]
[289.01]
[289.96]
[287.83]
[291.91]
[285.95]
[280.95]
[282.82]
[284.12]
[273.0]
[294.32]
[286.62]
[300.97]
[268.32]
[288.5]
[303.58]
[296.66]
[236.84]
[280.79]
[274.08]
[292.84]
[278.45]
[273.51]
[282.32]
[284.24]
[281.57]
[289.84]
[214.56]
[342.26]
[293.4]
[285.69]
[284.79]
[286.36]
[251.29]
[252.17]
[297.78]
[286.83]
[275.55]
[303.27]
[305.02]
[339.17]
[312.04]
[262.63]
[319.7]
[297.93]
[274.64]
[318.33]
[275.68]
[289.64]
[282.79]
[269.56]
[270.0]
[303.85]
[302.84]
[278.06]
[244.13]
[286.34]
[290.9]
[283.71]
[0.0]
[283.12]
[297.59]
[287.18]
[272.67]
[309.69]
[288.96]
[293.17]
[293.81]
[281.94]
[279.07]
[283.38]
[285.42]
[285.5]
[358.17]
[283.8]
[291.74]
[358.17]
[290.62]
[286.15]
[297.59]
[291.0]
[280.76]
[289.83]
[286.9]
[230.74]
[286.68]
[290.11]
[273.7]
[314.3]
[283.75]
[288.41]
[292.63]
[281.7]
[293.92]
[314.11]
[300.16]
[280.42]
[312.81]
[298.58]
[324.78]
[292.22]
[294.83]
[288.88]
[235.71]
[278.21]
[218.39]
[6.7]
[312.88]
[289.28]
[306.63]
[274.68]
[324.38]
[297.11]
[273.8]
[270.0]
[299.98]
[285.81]
[285.61]
[296.98]
[278.88]
[286.9]
[304.42]
[291.48]
[295.25]
[284.67]
[263.39]
[287.12]
[272.0]
[259.66]
[285.17]
[295.37]
[301.01]
[301.23]
[295.97]
[281.07]
[289.74]
[248.55]
[317.83]
[280.12]
[279.51]
[289.25]
[302.77]
[294.92]
[218.39]
[286.34]
[283.01]
[287.74]
[291.12]
[314.3]
[289.04]
[305.57]
[283.64]
[295.19]
[299.44]
[288.08]
[249.48]
[285.93]
[290.46]
[286.45]
[271.64]
[305.3]
[291.96]
[326.69]
[283.09]
[291.46]
[289.99]
[295.52]
[295.75]
[329.89]
[297.57]
[271.07]
[306.42]
[266.43]
[255.21]
[289.85]
[268.09]
[270.0]
[291.84]
[286.32]
[308.75]
[250.68]
[289.33]
[298.59]
[289.39]
[310.81]
[279.33]
[282.08]
[280.29]
[278.63]
[283.45]
[299.62]
[285.1]
[297.47]
[284.22]
[290.3]
[287.06]
[288.44]
[288.4]
[295.08]
[267.32]
[301.31]
[293.88]
[291.41]
[330.58]
[295.58]
[292.24]
[301.03]
[307.06]
[276.19]
[285.14]
[255.21]
[275.76]
[285.83]
[294.65]
[292.24]
[270.0]
[290.69]
[286.53]
[280.82]
[272.29]
[277.81]
[256.02]
[273.94]
[273.27]
[260.79]
[262.2]
[290.02]
[301.37]
[286.32]
[-0.0]
[209.42]
[312.24]
[270.92]
[284.54]
[279.76]
[318.33]
[290.99]
[297.36]
[296.24]
[269.93]
[270.9]
[285.83]
[282.2]
[-0.0]
[299.75]
[291.23]
[292.31]
[285.38]
[271.15]
[281.85]
[286.36]
[268.74]
[285.06]
[290.09]
[280.04]
[293.16]
[279.24]
[285.78]
[292.01]
[290.36]
[293.97]
[302.18]
[282.5]
[284.38]
[277.74]
[282.11]
[304.12]
[289.83]
[289.64]
[286.09]
[279.13]
[257.03]
[282.75]
[288.38]
[304.42]
[289.95]
[306.59]
[283.89]
[311.53]
[290.53]
[283.0]
[281.95]
[282.62]
[301.88]
[301.99]
[292.68]
[270.0]
[289.46]
[290.39]
[288.31]
[283.46]
[304.43]
[291.67]
[301.02]
[297.58]
[321.99]
[298.11]
[286.61]
[291.95]
[278.95]